spring-2024/data/D880a151.CNV
* Sea-Bird SBE 9 Data File:
* FileName = C:\CTD_ACQUISITION\2024880TEL\ctddata\880a151.hdr
* Software Version Seasave V 7.26.7.121
* Temperature SN = 4807
* Conductivity SN = 4361
* Number of Bytes Per Scan = 40
* Number of Voltage Words = 5
* Number of Scans Averaged by the Deck Unit = 1
* NMEA Latitude = 43 28.36 N
* NMEA Longitude = 057 31.58 W
* NMEA UTC (Time) = Apr 27 2024 19:08:29
* NMEA baud rate = 4800
** Ship: CCGS TELEOST
** Cruise: TEL2024880
** Chief_Scientist: LINDSAY BEAZLEY
** Organization: BIO
** Area_of_Operation: SCOTIAN SHELF
** Cruise_Description: ATLANTIC ZONE MONITORING PROGRAM (AZMP)
** Station_Name: LL_09
** Event_Number:  151
** Sounding:  3566
** Event_Comments: LL_09,503780
# nquan = 28
# nvalues = 3008                        
# units = specified
# name 0 = scan: Scan Count
# name 1 = timeS: Time, Elapsed [seconds]
# name 2 = prDM: Pressure, Digiquartz [db]
# name 3 = t090C: Temperature [ITS-90, deg C]
# name 4 = c0S/m: Conductivity [S/m]
# name 5 = t190C: Temperature, 2 [ITS-90, deg C]
# name 6 = c1S/m: Conductivity, 2 [S/m]
# name 7 = altM: Altimeter [m]
# name 8 = par/log: PAR/Logarithmic, Satlantic [umol photons/m2/s]
# name 9 = sbeox0V: Oxygen raw, SBE 43 [V]
# name 10 = sbeox1V: Oxygen raw, SBE 43, 2 [V]
# name 11 = flSPuv0: Fluorescence, Seapoint Ultraviolet
# name 12 = flSP: Fluorescence, Seapoint
# name 13 = ph: pH
# name 14 = turbWETbb0: Turbidity, WET Labs ECO BB [m^-1/sr]
# name 15 = spar: SPAR/Surface Irradiance
# name 16 = latitude: Latitude [deg]
# name 17 = longitude: Longitude [deg]
# name 18 = sal00: Salinity, Practical [PSU]
# name 19 = sal11: Salinity, Practical, 2 [PSU]
# name 20 = potemp090C: Potential Temperature [ITS-90, deg C]
# name 21 = potemp190C: Potential Temperature, 2 [ITS-90, deg C]
# name 22 = sigma-é00: Density [sigma-theta, kg/m^3]
# name 23 = sigma-é11: Density, 2 [sigma-theta, kg/m^3]
# name 24 = sbeox0ML/L: Oxygen, SBE 43 [ml/l], WS = 2
# name 25 = sbeox1ML/L: Oxygen, SBE 43, 2 [ml/l], WS = 2
# name 26 = nbin: number of scans per bin
# name 27 = flag: flag
# span 0 =       8519,      48589       
# span 1 =    354.905,   2024.501       
# span 2 =      2.500,   1506.000       
# span 3 =     3.7322,     6.0375       
# span 4 =   3.144380,   3.406173       
# span 5 =     3.7320,     6.0370       
# span 6 =   3.145916,   3.407668       
# span 7 =       0.98,      95.70       
# span 8 = 1.0144e-01, 2.4801e+02       
# span 9 =     1.7747,     2.4861       
# span 10 =     2.4370,     3.4270      
# span 11 =     1.0806,     1.2739      
# span 12 = 5.9875e-02, 2.4580e+00      
# span 13 =     -2.573,     -2.487      
# span 14 = 1.4968e-04, 1.0844e-03      
# span 15 = 3.0415e+00, 3.4549e+00      
# span 16 =   43.47092,   43.47232      
# span 17 =  -57.52906,  -57.52550      
# span 18 =    32.8694,    34.9843      
# span 19 =    32.8884,    35.0021      
# span 20 =     3.6146,     6.0235      
# span 21 =     3.6144,     6.0230      
# span 22 =    25.9567,    27.7597      
# span 23 =    25.9718,    27.7741      
# span 24 =     4.7485,     7.3834      
# span 25 =     4.7127,     7.2689      
# span 26 =          4,         60      
# span 27 = 0.0000e+00, 0.0000e+00      
# interval = decibars: 0.5              
# start_time = Apr 27 2024 19:08:29 [NMEA time, header]
# bad_flag = -9.990e-29
*END*
[from data line 415]
      15388    641.107    210.000     5.2680   3.335984     5.2647   3.337309      90.83 1.0180e-01     1.8564     2.5457     1.2008 9.6696e-02     -2.510 2.4524e-04 3.2956e+00   43.47200  -57.52642    34.5000    34.5187     5.2513     5.2480    27.2494    27.2646     5.0259     4.9709         12 0.0000e+00
      15399    641.583    210.500     5.2836   3.337730     5.2778   3.338822      91.53 1.0180e-01     1.8522     2.5380     1.2094 9.2134e-02     -2.510 2.4524e-04 3.3027e+00   43.47200  -57.52642    34.5037    34.5223     5.2668     5.2610    27.2506    27.2659     4.9973     4.9394         11 0.0000e+00
      15410    642.028    211.000     5.3271   3.342370     5.3177   3.343462      90.93 1.0180e-01     1.8484     2.5307     1.2140 8.6601e-02     -2.512 2.4524e-04 3.3111e+00   43.47200  -57.52640    34.5120    34.5342     5.3102     5.3008    27.2520    27.2706     4.9734     4.9114         10 0.0000e+00
      15420    642.444    211.500     5.3960   3.349643     5.3937   3.351435      89.65 1.0180e-01     1.8449     2.5243     1.2169 9.1650e-02     -2.507 2.4524e-04 3.3159e+00   43.47200  -57.52640    34.5241    34.5470     5.3790     5.3766    27.2533    27.2717     4.9547     4.8849         10 0.0000e+00
      15429    642.840    212.000     5.4238   3.352747     5.4237   3.354404      89.65 1.0176e-01     1.8411     2.5172     1.2194 8.9506e-02     -2.511 2.4781e-04 3.3153e+00   43.47200  -57.52640    34.5308    34.5498     5.4066     5.4066    27.2553    27.2704     4.9391     4.8674          9 0.0000e+00
      15438    643.227    212.500     5.4321   3.353838     5.4311   3.355347      90.97 1.0180e-01     1.8387     2.5111     1.2271 9.5209e-02     -2.513 2.4902e-04 3.3116e+00   43.47200  -57.52640    34.5345    34.5528     5.4149     5.4138    27.2572    27.2719     4.9303     4.8604         10 0.0000e+00
      15448    643.618    213.000     5.4530   3.356212     5.4507   3.357743      91.27 1.0180e-01     1.8352     2.5064     1.2011 9.0972e-02     -2.509 2.4903e-04 3.3084e+00   43.47200  -57.52640    34.5399    34.5598     5.4357     5.4334    27.2590    27.2750     4.9193     4.8615          9 0.0000e+00
      15458    644.042    213.500     5.4863   3.359870     5.4864   3.361597      91.13 1.0180e-01     1.8317     2.5026     1.2195 9.2132e-02     -2.505 2.5491e-04 3.3077e+00   43.47200  -57.52640    34.5472    34.5668     5.4690     5.4690    27.2607    27.2763     4.9120     4.8661         11 0.0000e+00
      15470    644.523    214.000     5.5028   3.361650     5.5013   3.363129      90.88 1.0180e-01     1.8288     2.5010     1.2146 9.3856e-02     -2.504 2.5656e-04 3.3095e+00   43.47200  -57.52640    34.5503    34.5687     5.4853     5.4839    27.2613    27.2760     4.9186     4.8805         13 0.0000e+00
      15483    645.092    214.500     5.5143   3.362939     5.5118   3.364277      89.54 1.0177e-01     1.8266     2.5009     1.2151 9.0559e-02     -2.503 2.6116e-04 3.3163e+00   43.47200  -57.52640    34.5529    34.5708     5.4968     5.4943    27.2619    27.2764     4.9301     4.8993         15 0.0000e+00
      15500    645.789    215.000     5.5304   3.364708     5.5283   3.366177      88.46 1.0180e-01     1.8247     2.5037     1.2169 9.8746e-02     -2.503 2.6371e-04 3.3323e+00   43.47200  -57.52640    34.5563    34.5753     5.5128     5.5107    27.2627    27.2780     4.9420     4.9192         18 0.0000e+00
      15519    646.573    215.500     5.6201   3.374244     5.6198   3.376200      89.39 1.0178e-01     1.8242     2.5080     1.2186 9.2159e-02     -2.501 2.5652e-04 3.3655e+00   43.47200  -57.52640    34.5727    34.5953     5.6023     5.6020    27.2647    27.2826     4.9530     4.9171         18 0.0000e+00
      15536    647.280    216.000     5.7016   3.383046     5.6953   3.384093      88.66 1.0180e-01     1.8252     2.5104     1.2101 9.4657e-02     -2.500 2.5662e-04 3.4142e+00   43.47200  -57.52640    34.5889    34.6072     5.6836     5.6774    27.2675    27.2828     4.9611     4.9078         16 0.0000e+00
      15550    647.867    216.500     5.7161   3.384689     5.7175   3.386393      88.52 1.0177e-01     1.8264     2.5113     1.2162 9.6707e-02     -2.501 2.5662e-04 3.4500e+00   43.47200  -57.52640    34.5924    34.6104     5.6981     5.6994    27.2685    27.2826     4.9765     4.9139         12 0.0000e+00
      15561    648.348    217.000     5.7191   3.385066     5.7230   3.386986      91.68 1.0176e-01     1.8282     2.5145     1.2250 8.6275e-02     -2.500 2.5876e-04 3.4549e+00   43.47200  -57.52640    34.5934    34.6112     5.7010     5.7049    27.2689    27.2825     4.9855     4.9273         11 0.0000e+00
      15571    648.758    217.500     5.7234   3.385536     5.7247   3.387194      91.62 1.0180e-01     1.8297     2.5174     1.2251 1.0618e-01     -2.499 2.6432e-04 3.4490e+00   43.47199  -57.52640    34.5941    34.6115     5.7053     5.7066    27.2689    27.2826     4.9872     4.9335          9 0.0000e+00
      15580    649.125    218.000     5.7232   3.385527     5.7241   3.387137      92.19 1.0180e-01     1.8305     2.5191     1.2267 1.0310e-01     -2.495 2.6422e-04 3.4419e+00   43.47198  -57.52640    34.5939    34.6113     5.7050     5.7059    27.2688    27.2825     4.9838     4.9307          9 0.0000e+00
      15588    649.469    218.500     5.7118   3.384399     5.7141   3.386066      92.61 1.0180e-01     1.8309     2.5198     1.2200 1.0228e-01     -2.503 2.6099e-04 3.4368e+00   43.47198  -57.52640    34.5926    34.6092     5.6936     5.6959    27.2692    27.2820     4.9831     4.9254          8 0.0000e+00
      15596    649.797    219.000     5.6873   3.382039     5.6912   3.383804      92.63 1.0180e-01     1.8313     2.5201     1.2198 1.0080e-01     -2.506 2.4956e-04 3.4228e+00   43.47198  -57.52639    34.5906    34.6067     5.6691     5.6730    27.2706    27.2829     4.9844     4.9221          8 0.0000e+00
      15604    650.122    219.500     5.6605   3.379414     5.6647   3.381232      91.49 1.0180e-01     1.8324     2.5201     1.2193 8.9080e-02     -2.501 2.4903e-04 3.3976e+00   43.47198  -57.52638    34.5880    34.6044     5.6423     5.6464    27.2719    27.2844     4.9892     4.9211          7 0.0000e+00
      15612    650.449    220.000     5.6354   3.376969     5.6394   3.378773      90.66 1.0180e-01     1.8326     2.5194     1.2189 9.7988e-02     -2.502 2.4903e-04 3.3706e+00   43.47198  -57.52638    34.5856    34.6021     5.6173     5.6212    27.2731    27.2856     4.9798     4.9196          8 0.0000e+00
      15620    650.797    220.500     5.6107   3.374567     5.6140   3.376292      90.67 1.0180e-01     1.8326     2.5186     1.2210 9.3547e-02     -2.500 2.5160e-04 3.3556e+00   43.47198  -57.52639    34.5834    34.5997     5.5925     5.5958    27.2744    27.2869     4.9706     4.9200          9 0.0000e+00
      15629    651.186    221.000     5.5883   3.372406     5.5905   3.374019      87.83 1.0176e-01     1.8314     2.5180     1.2161 8.9150e-02     -2.502 2.5282e-04 3.3486e+00   43.47198  -57.52640    34.5815    34.5977     5.5701     5.5723    27.2756    27.2882     4.9636     4.9232         10 0.0000e+00
      15641    651.655    221.500     5.5739   3.371092     5.5745   3.372655      86.72 1.0174e-01     1.8302     2.5177     1.2178 1.2128e-01     -2.500 2.5083e-04 3.3411e+00   43.47197  -57.52640    34.5811    34.5983     5.5557     5.5563    27.2771    27.2906     4.9706     4.9277         13 0.0000e+00
      15657    652.326    222.000     5.5558   3.369396     5.5595   3.371287      88.80 1.0178e-01     1.8309     2.5176     1.2179 9.8092e-02     -2.500 2.4182e-04 3.3326e+00   43.47196  -57.52640    34.5801    34.5978     5.5376     5.5413    27.2785    27.2921     4.9895     4.9358         20 0.0000e+00
      15681    653.349    222.500     5.5174   3.365652     5.5238   3.367747      89.36 1.0178e-01     1.8312     2.5188     1.2143 1.0258e-01     -2.498 2.3826e-04 3.3202e+00   43.47196  -57.52640    34.5767    34.5940     5.4992     5.5055    27.2804    27.2934     4.9953     4.9460         26 0.0000e+00
      15701    654.175    223.000     5.4683   3.360893     5.4722   3.362726      89.18 1.0180e-01     1.8313     2.5193     1.2092 9.2701e-02     -2.502 2.3329e-04 3.3105e+00   43.47196  -57.52640    34.5725    34.5895     5.4502     5.4540    27.2830    27.2960     5.0000     4.9549         15 0.0000e+00
      15714    654.704    223.500     5.4468   3.358946     5.4472   3.360526      89.11 1.0176e-01     1.8314     2.5208     1.2055 8.9933e-02     -2.506 2.3076e-04 3.3053e+00   43.47196  -57.52640    34.5721    34.5898     5.4287     5.4290    27.2853    27.2993     5.0036     4.9579         11 0.0000e+00
      15724    655.122    224.000     5.4761   3.362269     5.4692   3.363494      88.00 1.0180e-01     1.8314     2.5202     1.2063 8.8194e-02     -2.506 2.3634e-04 3.3001e+00   43.47196  -57.52640    34.5796    34.5989     5.4579     5.4510    27.2878    27.3039     4.9981     4.9463          9 0.0000e+00
      15733    655.485    224.500     5.5061   3.365539     5.5029   3.366959      87.22 1.0175e-01     1.8314     2.5192     1.2256 9.4726e-02     -2.505 2.6464e-04 3.2945e+00   43.47196  -57.52640    34.5859    34.6054     5.4877     5.4846    27.2892    27.3050     4.9883     4.9354          8 0.0000e+00
      15741    655.814    225.000     5.5138   3.366430     5.5125   3.367875      87.23 1.0171e-01     1.8314     2.5179     1.2124 8.5422e-02     -2.505 2.6422e-04 3.2895e+00   43.47196  -57.52640    34.5879    34.6057     5.4954     5.4941    27.2898    27.3041     4.9868     4.9339          8 0.0000e+00
      15748    656.131    225.500     5.5147   3.366580     5.5147   3.368133      85.49 1.0159e-01     1.8305     2.5180     1.1949 8.9026e-02     -2.500 2.6422e-04 3.2855e+00   43.47196  -57.52640    34.5884    34.6062     5.4962     5.4962    27.2901    27.3042     4.9869     4.9400          7 0.0000e+00
      15756    656.440    226.000     5.5088   3.366057     5.5097   3.367674      84.37 1.0162e-01     1.8301     2.5173     1.2108 9.1598e-02     -2.506 2.6134e-04 3.2829e+00   43.47196  -57.52640    34.5883    34.6058     5.4903     5.4912    27.2907    27.3045     4.9934     4.9465          8 0.0000e+00
      15763    656.756    226.500     5.5037   3.365595     5.5039   3.367184      84.37 1.0166e-01     1.8307     2.5188     1.2045 8.8657e-02     -2.507 2.6046e-04 3.2805e+00   43.47196  -57.52639    34.5880    34.6059     5.4852     5.4854    27.2911    27.3053     5.0060     4.9572          8 0.0000e+00
      15771    657.087    227.000     5.5015   3.365419     5.5007   3.366886      86.71 1.0166e-01     1.8313     2.5197     1.2025 2.0733e-01     -2.510 2.6042e-04 3.2786e+00   43.47196  -57.52638    34.5880    34.6056     5.4829     5.4821    27.2914    27.3054     5.0141     4.9631          8 0.0000e+00
      15780    657.456    227.500     5.4987   3.365167     5.4971   3.366558      88.99 1.0180e-01     1.8323     2.5213     1.2128 1.2259e-01     -2.507 2.5874e-04 3.2765e+00   43.47196  -57.52638    34.5877    34.6052     5.4801     5.4786    27.2915    27.3055     5.0139     4.9671          9 0.0000e+00
      15790    657.889    228.000     5.4939   3.364743     5.4939   3.366294      88.61 1.0174e-01     1.8324     2.5221     1.2137 9.3044e-02     -2.503 2.5666e-04 3.2754e+00   43.47196  -57.52638    34.5876    34.6053     5.4752     5.4753    27.2920    27.3060     5.0093     4.9660         12 0.0000e+00
      15804    658.463    228.500     5.4860   3.364012     5.4872   3.365693      85.13 1.0169e-01     1.8322     2.5227     1.2192 9.1603e-02     -2.503 2.6839e-04 3.2740e+00   43.47196  -57.52638    34.5871    34.6051     5.4673     5.4685    27.2926    27.3067     5.0138     4.9639         16 0.0000e+00
      15824    659.306    229.000     5.4725   3.362691     5.4730   3.364286      90.74 1.0174e-01     1.8336     2.5230     1.2060 1.0967e-01     -2.506 3.0931e-04 3.2725e+00   43.47196  -57.52638    34.5856    34.6033     5.4539     5.4543    27.2930    27.3070     5.0223     4.9631         23 0.0000e+00
      15845    660.185    229.500     5.4614   3.361600     5.4602   3.363038      91.29 1.0180e-01     1.8337     2.5230     1.2085 9.2181e-02     -2.501 2.2867e-04 3.2713e+00   43.47196  -57.52638    34.5844    34.6020     5.4427     5.4415    27.2934    27.3075     5.0101     4.9646         18 0.0000e+00
      15860    660.796    230.000     5.4560   3.361095     5.4558   3.362619      89.94 1.0174e-01     1.8335     2.5231     1.2014 1.2704e-01     -2.504 2.3798e-04 3.2708e+00   43.47195  -57.52638    34.5838    34.6015     5.4373     5.4371    27.2936    27.3076     5.0106     4.9623         13 0.0000e+00
      15871    661.254    230.500     5.4517   3.360683     5.4524   3.362318      87.64 1.0172e-01     1.8337     2.5227     1.2113 9.3292e-02     -2.505 2.6064e-04 3.2698e+00   43.47194  -57.52638    34.5833    34.6013     5.4330     5.4337    27.2937    27.3078     5.0143     4.9599          9 0.0000e+00
      15880    661.626    231.000     5.4460   3.360114     5.4464   3.361728      87.49 1.0180e-01     1.8331     2.5217     1.2235 8.6805e-02     -2.508 2.6042e-04 3.2689e+00   43.47194  -57.52638    34.5825    34.6004     5.4272     5.4276    27.2937    27.3079     5.0146     4.9569          9 0.0000e+00
      15888    661.950    231.500     5.4349   3.359029     5.4371   3.360785      87.56 1.0180e-01     1.8329     2.5219     1.2153 8.7205e-02     -2.509 2.8633e-04 3.2681e+00   43.47196  -57.52638    34.5812    34.5990     5.4161     5.4183    27.2940    27.3079     5.0179     4.9596          7 0.0000e+00
      15895    662.250    232.000     5.4091   3.356491     5.4142   3.358467      89.16 1.0180e-01     1.8338     2.5210     1.2046 9.0700e-02     -2.510 4.4847e-04 3.2672e+00   43.47196  -57.52638    34.5785    34.5958     5.3903     5.3954    27.2950    27.3082     5.0298     4.9628          7 0.0000e+00
      15902    662.538    232.500     5.3703   3.352732     5.3767   3.354769      89.17 1.0180e-01     1.8338     2.5207     1.2129 8.8980e-02     -2.514 4.4645e-04 3.2662e+00   43.47196  -57.52638    34.5752    34.5919     5.3515     5.3579    27.2971    27.3095     5.0391     4.9685          7 0.0000e+00
      15909    662.825    233.000     5.3429   3.350249     5.3447   3.351880      89.18 1.0175e-01     1.8338     2.5210     1.2109 9.9131e-02     -2.512 4.4643e-04 3.2655e+00   43.47196  -57.52638    34.5746    34.5915     5.3242     5.3259    27.2999    27.3131     5.0420     4.9742          7 0.0000e+00
      15916    663.119    233.500     5.3558   3.351814     5.3482   3.352703      88.26 1.0180e-01     1.8343     2.5210     1.2099 9.4302e-02     -2.515 3.9759e-04 3.2650e+00   43.47196  -57.52638    34.5790    34.5970     5.3370     5.3294    27.3019    27.3170     5.0404     4.9756          7 0.0000e+00
      15923    663.429    234.000     5.3800   3.354472     5.3746   3.355631      87.68 1.0175e-01     1.8344     2.5209     1.2124 9.0157e-02     -2.513 2.4781e-04 3.2650e+00   43.47196  -57.52638    34.5843    34.6031     5.3611     5.3557    27.3031    27.3187     5.0362     4.9728          8 0.0000e+00
      15932    663.783    234.500     5.3881   3.355507     5.3875   3.357041      87.65 1.0176e-01     1.8346     2.5208     1.2129 8.5579e-02     -2.510 2.4520e-04 3.2647e+00   43.47196  -57.52638    34.5876    34.6057     5.3691     5.3685    27.3048    27.3192     5.0369     4.9721          9 0.0000e+00
      15942    664.220    235.000     5.3817   3.355147     5.3827   3.356773      89.84 1.0174e-01     1.8345     2.5208     1.2071 9.1452e-02     -2.508 2.8336e-04 3.2650e+00   43.47196  -57.52638    34.5898    34.6073     5.3627     5.3637    27.3073    27.3211     5.0402     4.9766         12 0.0000e+00
