spring-2024/data/D880a151.CNV
* Sea-Bird SBE 9 Data File:
* FileName = C:\CTD_ACQUISITION\2024880TEL\ctddata\880a151.hdr
* Software Version Seasave V 7.26.7.121
* Temperature SN = 4807
* Conductivity SN = 4361
* Number of Bytes Per Scan = 40
* Number of Voltage Words = 5
* Number of Scans Averaged by the Deck Unit = 1
* NMEA Latitude = 43 28.36 N
* NMEA Longitude = 057 31.58 W
* NMEA UTC (Time) = Apr 27 2024 19:08:29
* NMEA baud rate = 4800
** Ship: CCGS TELEOST
** Cruise: TEL2024880
** Chief_Scientist: LINDSAY BEAZLEY
** Organization: BIO
** Area_of_Operation: SCOTIAN SHELF
** Cruise_Description: ATLANTIC ZONE MONITORING PROGRAM (AZMP)
** Station_Name: LL_09
** Event_Number:  151
** Sounding:  3566
** Event_Comments: LL_09,503780
# nquan = 28
# nvalues = 3008                        
# units = specified
# name 0 = scan: Scan Count
# name 1 = timeS: Time, Elapsed [seconds]
# name 2 = prDM: Pressure, Digiquartz [db]
# name 3 = t090C: Temperature [ITS-90, deg C]
# name 4 = c0S/m: Conductivity [S/m]
# name 5 = t190C: Temperature, 2 [ITS-90, deg C]
# name 6 = c1S/m: Conductivity, 2 [S/m]
# name 7 = altM: Altimeter [m]
# name 8 = par/log: PAR/Logarithmic, Satlantic [umol photons/m2/s]
# name 9 = sbeox0V: Oxygen raw, SBE 43 [V]
# name 10 = sbeox1V: Oxygen raw, SBE 43, 2 [V]
# name 11 = flSPuv0: Fluorescence, Seapoint Ultraviolet
# name 12 = flSP: Fluorescence, Seapoint
# name 13 = ph: pH
# name 14 = turbWETbb0: Turbidity, WET Labs ECO BB [m^-1/sr]
# name 15 = spar: SPAR/Surface Irradiance
# name 16 = latitude: Latitude [deg]
# name 17 = longitude: Longitude [deg]
# name 18 = sal00: Salinity, Practical [PSU]
# name 19 = sal11: Salinity, Practical, 2 [PSU]
# name 20 = potemp090C: Potential Temperature [ITS-90, deg C]
# name 21 = potemp190C: Potential Temperature, 2 [ITS-90, deg C]
# name 22 = sigma-é00: Density [sigma-theta, kg/m^3]
# name 23 = sigma-é11: Density, 2 [sigma-theta, kg/m^3]
# name 24 = sbeox0ML/L: Oxygen, SBE 43 [ml/l], WS = 2
# name 25 = sbeox1ML/L: Oxygen, SBE 43, 2 [ml/l], WS = 2
# name 26 = nbin: number of scans per bin
# name 27 = flag: flag
# span 0 =       8519,      48589       
# span 1 =    354.905,   2024.501       
# span 2 =      2.500,   1506.000       
# span 3 =     3.7322,     6.0375       
# span 4 =   3.144380,   3.406173       
# span 5 =     3.7320,     6.0370       
# span 6 =   3.145916,   3.407668       
# span 7 =       0.98,      95.70       
# span 8 = 1.0144e-01, 2.4801e+02       
# span 9 =     1.7747,     2.4861       
# span 10 =     2.4370,     3.4270      
# span 11 =     1.0806,     1.2739      
# span 12 = 5.9875e-02, 2.4580e+00      
# span 13 =     -2.573,     -2.487      
# span 14 = 1.4968e-04, 1.0844e-03      
# span 15 = 3.0415e+00, 3.4549e+00      
# span 16 =   43.47092,   43.47232      
# span 17 =  -57.52906,  -57.52550      
# span 18 =    32.8694,    34.9843      
# span 19 =    32.8884,    35.0021      
# span 20 =     3.6146,     6.0235      
# span 21 =     3.6144,     6.0230      
# span 22 =    25.9567,    27.7597      
# span 23 =    25.9718,    27.7741      
# span 24 =     4.7485,     7.3834      
# span 25 =     4.7127,     7.2689      
# span 26 =          4,         60      
# span 27 = 0.0000e+00, 0.0000e+00      
# interval = decibars: 0.5              
# start_time = Apr 27 2024 19:08:29 [NMEA time, header]
# bad_flag = -9.990e-29
*END*
[from data line 2331]
      38455   1602.252   1168.000     4.1253   3.313718     4.1252   3.315250      92.50 1.0180e-01     1.8408     2.5306     1.1135 6.2166e-02     -2.551 1.7311e-04 3.0708e+00   43.47108  -57.52810    34.9427    34.9608     4.0335     4.0333    27.7371    27.7516     5.9037     5.8120         11 0.0000e+00
      38467   1602.750   1168.500     4.1234   3.313564     4.1235   3.315085      92.73 1.0180e-01     1.8410     2.5299     1.1080 6.1095e-02     -2.551 1.7545e-04 3.0705e+00   43.47108  -57.52810    34.9426    34.9604     4.0316     4.0409    27.7373    27.7514     5.8966     5.8139         14 0.0000e+00
      38485   1603.490   1169.000     4.1192   3.313185     4.1188   3.314673      88.17 1.0180e-01     1.8403     2.5306     1.1111 6.2646e-02     -2.551 1.8446e-04 3.0695e+00   43.47108  -57.52810    34.9423    34.9602     4.0274     4.0273    27.7375    27.7518     5.8952     5.8209         22 0.0000e+00
      38510   1604.548   1169.500     4.1200   3.313267     4.1193   3.314740      87.75 1.0174e-01     1.8411     2.5315     1.0992 6.1993e-02     -2.551 1.7157e-04 3.0678e+00   43.47108  -57.52810    34.9422    34.9602     4.0282     4.0274    27.7373    27.7517     5.9029     5.8287         25 0.0000e+00
      38531   1605.398   1170.000     4.1185   3.313144     4.1187   3.314683      88.94 1.0178e-01     1.8408     2.5326     1.1108 6.1024e-02     -2.549 1.7038e-04 3.0668e+00   43.47108  -57.52812    34.9421    34.9600     4.0266     4.0268    27.7374    27.7516     5.8966     5.8276         17 0.0000e+00
      38544   1605.973   1170.500     4.1188   3.313195     4.1186   3.314702      89.64 1.0180e-01     1.8409     2.5323     1.1226 6.1050e-02     -2.549 1.7058e-04 3.0659e+00   43.47108  -57.52812    34.9421    34.9600     4.0269     4.0266    27.7374    27.7516     5.8971     5.8234         12 0.0000e+00
      38555   1606.433   1171.000     4.1185   3.313189     4.1182   3.314692      91.56 1.0180e-01     1.8410     2.5324     1.1122 6.2258e-02     -2.554 1.7083e-04 3.0659e+00   43.47108  -57.52812    34.9422    34.9601     4.0265     4.0262    27.7374    27.7517     5.9046     5.8225         10 0.0000e+00
      38565   1606.819   1171.500     4.1180   3.313158     4.1178   3.314682      91.58 1.0180e-01     1.8404     2.5326     1.1135 6.1093e-02     -2.554 1.7099e-04 3.0659e+00   43.47108  -57.52812    34.9420    34.9601     4.0260     4.0257    27.7374    27.7518     5.9082     5.8249          9 0.0000e+00
      38573   1607.172   1172.000     4.1171   3.313088     4.1171   3.314631      88.18 1.0167e-01     1.8418     2.5321     1.1039 6.1050e-02     -2.556 1.6984e-04 3.0659e+00   43.47108  -57.52812    34.9419    34.9600     4.0250     4.0250    27.7374    27.7518     5.9149     5.8232          8 0.0000e+00
      38581   1607.503   1172.500     4.1149   3.312896     4.1151   3.314452      86.66 1.0170e-01     1.8419     2.5325     1.1105 6.1050e-02     -2.556 1.6876e-04 3.0659e+00   43.47108  -57.52812    34.9417    34.9598     4.0228     4.0230    27.7375    27.7518     5.9062     5.8251          7 0.0000e+00
      38589   1607.823   1173.000     4.1126   3.312706     4.1135   3.314327      86.66 1.0175e-01     1.8420     2.5325     1.1099 6.1050e-02     -2.556 1.6541e-04 3.0647e+00   43.47108  -57.52812    34.9416    34.9597     4.0205     4.0214    27.7376    27.7520     5.8951     5.8221          8 0.0000e+00
      38596   1608.144   1173.500     4.1109   3.312550     4.1113   3.314122      87.89 1.0166e-01     1.8412     2.5323     1.1035 6.1050e-02     -2.558 1.6552e-04 3.0647e+00   43.47108  -57.52812    34.9414    34.9594     4.0187     4.0191    27.7377    27.7519     5.8840     5.8220          8 0.0000e+00
      38604   1608.471   1174.000     4.1095   3.312442     4.1094   3.313979      88.75 1.0179e-01     1.8402     2.5319     1.1196 6.1050e-02     -2.556 1.6552e-04 3.0647e+00   43.47108  -57.52812    34.9413    34.9595     4.0173     4.0172    27.7377    27.7522     5.8875     5.8207          8 0.0000e+00
      38613   1608.835   1174.500     4.1091   3.312416     4.1089   3.313949      88.77 1.0176e-01     1.8404     2.5310     1.1045 6.1050e-02     -2.556 1.6552e-04 3.0647e+00   43.47109  -57.52812    34.9412    34.9594     4.0169     4.0166    27.7377    27.7522     5.8985     5.8200          9 0.0000e+00
      38623   1609.252   1175.000     4.1085   3.312383     4.1085   3.313917      89.71 1.0180e-01     1.8411     2.5316     1.1009 6.1050e-02     -2.551 1.6552e-04 3.0637e+00   43.47110  -57.52812    34.9412    34.9593     4.0163     4.0286    27.7377    27.7521     5.9145     5.8247         11 0.0000e+00
      38636   1609.784   1175.500     4.1073   3.312288     4.1076   3.313865      89.94 1.0180e-01     1.8411     2.5314     1.1119 6.2656e-02     -2.553 1.6552e-04 3.0633e+00   43.47109  -57.52812    34.9411    34.9593     4.0150     4.0155    27.7378    27.7522     5.9148     5.8282         15 0.0000e+00
      38657   1610.676   1176.000     4.1069   3.312261     4.1070   3.313826      87.90 1.0171e-01     1.8416     2.5322     1.1162 6.1526e-02     -2.552 1.6564e-04 3.0619e+00   43.47109  -57.52812    34.9409    34.9592     4.0146     4.0146    27.7377    27.7522     5.9058     5.8327         30 0.0000e+00
      38688   1611.979   1176.500     4.1072   3.312306     4.1069   3.313826      89.37 1.0174e-01     1.8408     2.5323     1.1068 6.1570e-02     -2.550 1.6234e-04 3.0610e+00   43.47110  -57.52812    34.9409    34.9591     4.0148     4.0144    27.7377    27.7522     5.9142     5.8301         24 0.0000e+00
      38705   1612.649   1177.000     4.1067   3.312281     4.1066   3.313806      87.69 1.0174e-01     1.8422     2.5324     1.1207 6.1034e-02     -2.549 1.5507e-04 3.0611e+00   43.47110  -57.52812    34.9409    34.9590     4.0142     4.0141    27.7377    27.7521     5.9146     5.8261         13 0.0000e+00
      38716   1613.108   1177.500     4.1057   3.312205     4.1055   3.313738      88.65 1.0180e-01     1.8418     2.5323     1.1061 6.1050e-02     -2.551 1.6101e-04 3.0611e+00   43.47110  -57.52812    34.9408    34.9590     4.0133     4.0130    27.7377    27.7522     5.8913     5.8213         10 0.0000e+00
      38725   1613.498   1178.000     4.1053   3.312195     4.1050   3.313724      89.67 1.0172e-01     1.8411     2.5313     1.1062 6.1050e-02     -2.554 1.7137e-04 3.0611e+00   43.47110  -57.52812    34.9408    34.9591     4.0128     4.0125    27.7378    27.7524     5.8905     5.8170          9 0.0000e+00
      38734   1613.857   1178.500     4.1050   3.312191     4.1048   3.313725      89.68 1.0175e-01     1.8403     2.5307     1.1219 6.1050e-02     -2.552 1.7073e-04 3.0611e+00   43.47110  -57.52812    34.9409    34.9591     4.0124     4.0122    27.7379    27.7524     5.8940     5.8159          8 0.0000e+00
      38742   1614.198   1179.000     4.1045   3.312167     4.1043   3.313697      90.56 1.0175e-01     1.8408     2.5302     1.1057 6.1050e-02     -2.553 1.7025e-04 3.0611e+00   43.47110  -57.52812    34.9409    34.9590     4.0119     4.0117    27.7379    27.7524     5.9025     5.8179          8 0.0000e+00
      38750   1614.542   1179.500     4.1041   3.312154     4.1038   3.313665      90.88 1.0172e-01     1.8411     2.5301     1.1136 6.1050e-02     -2.552 1.6552e-04 3.0600e+00   43.47110  -57.52812    34.9409    34.9589     4.0115     4.0112    27.7380    27.7524     5.9016     5.8196          9 0.0000e+00
      38759   1614.905   1180.000     4.1037   3.312142     4.1036   3.313674      90.86 1.0179e-01     1.8407     2.5298     1.1183 6.1050e-02     -2.553 1.6552e-04 3.0598e+00   43.47110  -57.52812    34.9409    34.9590     4.0111     4.0109    27.7380    27.7525     5.8955     5.8213          9 0.0000e+00
      38768   1615.300   1180.500     4.1035   3.312127     4.1033   3.313669      86.61 1.0176e-01     1.8399     2.5299     1.1087 6.1050e-02     -2.552 1.6699e-04 3.0598e+00   43.47110  -57.52812    34.9407    34.9590     4.0108     4.0106    27.7379    27.7525     5.8885     5.8235         10 0.0000e+00
      38780   1615.785   1181.000     4.1026   3.312067     4.1024   3.313594      86.37 1.0170e-01     1.8398     2.5295     1.1118 6.4347e-02     -2.552 1.7278e-04 3.0589e+00   43.47110  -57.52812    34.9407    34.9588     4.0099     4.0096    27.7380    27.7525     5.8975     5.8226         14 0.0000e+00
      38801   1616.648   1181.500     4.1021   3.312032     4.1020   3.313570      90.94 1.0179e-01     1.8398     2.5290     1.1074 6.1730e-02     -2.550 1.7207e-04 3.0578e+00   43.47110  -57.52812    34.9406    34.9587     4.0093     4.0092    27.7380    27.7524     5.9047     5.8211         30 0.0000e+00
      38831   1617.927   1182.000     4.1023   3.312064     4.1022   3.313593      90.23 1.0176e-01     1.8398     2.5292     1.1113 6.1015e-02     -2.546 1.6121e-04 3.0561e+00   43.47110  -57.52813    34.9405    34.9586     4.0095     4.0093    27.7379    27.7523     5.9044     5.8285         23 0.0000e+00
      38847   1618.563   1182.500     4.1024   3.312104     4.1024   3.313635      88.72 1.0180e-01     1.8399     2.5294     1.1050 6.1050e-02     -2.549 1.5571e-04 3.0562e+00   43.47110  -57.52814    34.9406    34.9586     4.0096     4.0095    27.7379    27.7523     5.9073     5.8250         12 0.0000e+00
      38857   1619.002   1183.000     4.1025   3.312134     4.1023   3.313665      89.76 1.0176e-01     1.8399     2.5294     1.1169 6.1050e-02     -2.550 1.6853e-04 3.0562e+00   43.47110  -57.52814    34.9406    34.9588     4.0096     4.0094    27.7380    27.7524     5.9075     5.8247          9 0.0000e+00
      38866   1619.371   1183.500     4.1023   3.312141     4.1020   3.313660      94.43 1.0180e-01     1.8399     2.5289     1.1241 6.1050e-02     -2.553 1.7181e-04 3.0562e+00   43.47110  -57.52814    34.9407    34.9587     4.0093     4.0091    27.7380    27.7524     5.9066     5.8235          9 0.0000e+00
      38874   1619.708   1184.000     4.1020   3.312142     4.1018   3.313656      94.45 1.0180e-01     1.8399     2.5289     1.1157 6.1050e-02     -2.555 1.7094e-04 3.0562e+00   43.47110  -57.52814    34.9407    34.9587     4.0090     4.0087    27.7381    27.7525     5.9070     5.8223          7 0.0000e+00
      38882   1620.027   1184.500     4.1013   3.312096     4.1011   3.313609      92.92 1.0180e-01     1.8399     2.5292     1.1285 6.1050e-02     -2.556 1.7073e-04 3.0562e+00   43.47110  -57.52814    34.9407    34.9586     4.0082     4.0080    27.7382    27.7525     5.9071     5.8235          8 0.0000e+00
      38889   1620.344   1185.000     4.1009   3.312071     4.1007   3.313608      87.32 1.0175e-01     1.8399     2.5291     1.1220 6.1050e-02     -2.558 1.7166e-04 3.0562e+00   43.47110  -57.52814    34.9405    34.9587     4.0079     4.0076    27.7381    27.7526     5.9018     5.8235          8 0.0000e+00
      38897   1620.672   1185.500     4.1007   3.312075     4.1005   3.313610      87.19 1.0175e-01     1.8399     2.5282     1.1157 6.1050e-02     -2.558 1.7123e-04 3.0562e+00   43.47110  -57.52814    34.9405    34.9587     4.0076     4.0074    27.7381    27.7526     5.8990     5.8206          8 0.0000e+00
      38906   1621.050   1186.000     4.1001   3.312033     4.0997   3.313549      88.48 1.0180e-01     1.8394     2.5285     1.1016 6.1050e-02     -2.554 1.7194e-04 3.0559e+00   43.47110  -57.52814    34.9404    34.9586     4.0069     4.0066    27.7381    27.7526     5.8948     5.8256         10 0.0000e+00
      38917   1621.516   1186.500     4.0994   3.311977     4.0989   3.313494      90.76 1.0180e-01     1.8391     2.5283     1.1209 6.1050e-02     -2.556 1.7305e-04 3.0550e+00   43.47110  -57.52814    34.9403    34.9586     4.0062     4.0057    27.7381    27.7527     5.9105     5.8317         13 0.0000e+00
      38937   1622.333   1187.000     4.0990   3.311968     4.0989   3.313498      88.94 1.0177e-01     1.8402     2.5295     1.1171 6.1050e-02     -2.554 1.6908e-04 3.0545e+00   43.47110  -57.52814    34.9403    34.9584     4.0058     4.0056    27.7381    27.7526     5.9251     5.8379         29 0.0000e+00
      38969   1623.681   1187.500     4.0993   3.312006     4.0988   3.313509      90.79 1.0177e-01     1.8400     2.5303     1.1095 7.0359e-02     -2.553 1.6282e-04 3.0529e+00   43.47110  -57.52816    34.9402    34.9584     4.0060     4.0055    27.7380    27.7525     5.8995     5.8343         27 0.0000e+00
      38988   1624.442   1188.000     4.0992   3.312020     4.0988   3.313524      91.92 1.0180e-01     1.8399     2.5308     1.1120 6.3633e-02     -2.553 1.6335e-04 3.0525e+00   43.47110  -57.52816    34.9402    34.9583     4.0059     4.0055    27.7381    27.7525     5.9108     5.8369         14 0.0000e+00
      39000   1624.970   1188.500     4.0977   3.311900     4.0978   3.313440      92.00 1.0180e-01     1.8399     2.5307     1.0966 6.2127e-02     -2.553 1.6556e-04 3.0525e+00   43.47110  -57.52816    34.9402    34.9582     4.0043     4.0044    27.7382    27.7525     5.9114     5.8325         11 0.0000e+00
      39011   1625.399   1189.000     4.0957   3.311741     4.0957   3.313277      92.51 1.0180e-01     1.8399     2.5301     1.0989 6.1043e-02     -2.553 1.6590e-04 3.0525e+00   43.47110  -57.52816    34.9401    34.9581     4.0024     4.0023    27.7383    27.7527     5.9121     5.8247         10 0.0000e+00
      39020   1625.779   1189.500     4.0941   3.311596     4.0941   3.313141      92.50 1.0180e-01     1.8399     2.5300     1.1082 6.2608e-02     -2.557 1.7084e-04 3.0525e+00   43.47110  -57.52816    34.9399    34.9580     4.0007     4.0007    27.7383    27.7527     5.9117     5.8217          8 0.0000e+00
      39028   1626.122   1190.000     4.0912   3.311347     4.0914   3.312888      91.64 1.0180e-01     1.8399     2.5287     1.1167 6.0969e-02     -2.556 1.7024e-04 3.0525e+00   43.47110  -57.52816    34.9398    34.9576     3.9978     3.9979    27.7385    27.7527     5.9078     5.8164          8 0.0000e+00
      39036   1626.440   1190.500     4.0886   3.311123     4.0887   3.312658      90.73 1.0180e-01     1.8399     2.5283     1.1099 6.1050e-02     -2.558 1.7169e-04 3.0525e+00   43.47110  -57.52816    34.9396    34.9575     3.9952     3.9952    27.7387    27.7529     5.9079     5.8176          8 0.0000e+00
      39043   1626.744   1191.000     4.0872   3.311008     4.0871   3.312536      90.73 1.0180e-01     1.8396     2.5276     1.1237 6.1050e-02     -2.560 1.7042e-04 3.0525e+00   43.47110  -57.52816    34.9395    34.9575     3.9937     3.9936    27.7387    27.7531     5.9059     5.8175          7 0.0000e+00
      39050   1627.044   1191.500     4.0856   3.310886     4.0857   3.312424      90.64 1.0180e-01     1.8392     2.5274     1.1145 6.1050e-02     -2.556 1.7040e-04 3.0525e+00   43.47110  -57.52816    34.9394    34.9574     3.9921     3.9922    27.7388    27.7532     5.9024     5.8196          7 0.0000e+00
      39057   1627.345   1192.000     4.0843   3.310776     4.0842   3.312311      90.31 1.0171e-01     1.8395     2.5271     1.1047 6.1050e-02     -2.559 1.7073e-04 3.0525e+00   43.47110  -57.52816    34.9393    34.9574     3.9907     3.9907    27.7389    27.7533     5.8964     5.8207          8 0.0000e+00
      39065   1627.669   1192.500     4.0835   3.310729     4.0834   3.312261      90.31 1.0179e-01     1.8393     2.5267     1.1243 6.1050e-02     -2.558 1.7119e-04 3.0525e+00   43.47110  -57.52816    34.9393    34.9574     3.9900     3.9898    27.7390    27.7534     5.8923     5.8229          8 0.0000e+00
