spring-2024/data/D880a151.CNV
* Sea-Bird SBE 9 Data File:
* FileName = C:\CTD_ACQUISITION\2024880TEL\ctddata\880a151.hdr
* Software Version Seasave V 7.26.7.121
* Temperature SN = 4807
* Conductivity SN = 4361
* Number of Bytes Per Scan = 40
* Number of Voltage Words = 5
* Number of Scans Averaged by the Deck Unit = 1
* NMEA Latitude = 43 28.36 N
* NMEA Longitude = 057 31.58 W
* NMEA UTC (Time) = Apr 27 2024 19:08:29
* NMEA baud rate = 4800
** Ship: CCGS TELEOST
** Cruise: TEL2024880
** Chief_Scientist: LINDSAY BEAZLEY
** Organization: BIO
** Area_of_Operation: SCOTIAN SHELF
** Cruise_Description: ATLANTIC ZONE MONITORING PROGRAM (AZMP)
** Station_Name: LL_09
** Event_Number:  151
** Sounding:  3566
** Event_Comments: LL_09,503780
# nquan = 28
# nvalues = 3008                        
# units = specified
# name 0 = scan: Scan Count
# name 1 = timeS: Time, Elapsed [seconds]
# name 2 = prDM: Pressure, Digiquartz [db]
# name 3 = t090C: Temperature [ITS-90, deg C]
# name 4 = c0S/m: Conductivity [S/m]
# name 5 = t190C: Temperature, 2 [ITS-90, deg C]
# name 6 = c1S/m: Conductivity, 2 [S/m]
# name 7 = altM: Altimeter [m]
# name 8 = par/log: PAR/Logarithmic, Satlantic [umol photons/m2/s]
# name 9 = sbeox0V: Oxygen raw, SBE 43 [V]
# name 10 = sbeox1V: Oxygen raw, SBE 43, 2 [V]
# name 11 = flSPuv0: Fluorescence, Seapoint Ultraviolet
# name 12 = flSP: Fluorescence, Seapoint
# name 13 = ph: pH
# name 14 = turbWETbb0: Turbidity, WET Labs ECO BB [m^-1/sr]
# name 15 = spar: SPAR/Surface Irradiance
# name 16 = latitude: Latitude [deg]
# name 17 = longitude: Longitude [deg]
# name 18 = sal00: Salinity, Practical [PSU]
# name 19 = sal11: Salinity, Practical, 2 [PSU]
# name 20 = potemp090C: Potential Temperature [ITS-90, deg C]
# name 21 = potemp190C: Potential Temperature, 2 [ITS-90, deg C]
# name 22 = sigma-é00: Density [sigma-theta, kg/m^3]
# name 23 = sigma-é11: Density, 2 [sigma-theta, kg/m^3]
# name 24 = sbeox0ML/L: Oxygen, SBE 43 [ml/l], WS = 2
# name 25 = sbeox1ML/L: Oxygen, SBE 43, 2 [ml/l], WS = 2
# name 26 = nbin: number of scans per bin
# name 27 = flag: flag
# span 0 =       8519,      48589       
# span 1 =    354.905,   2024.501       
# span 2 =      2.500,   1506.000       
# span 3 =     3.7322,     6.0375       
# span 4 =   3.144380,   3.406173       
# span 5 =     3.7320,     6.0370       
# span 6 =   3.145916,   3.407668       
# span 7 =       0.98,      95.70       
# span 8 = 1.0144e-01, 2.4801e+02       
# span 9 =     1.7747,     2.4861       
# span 10 =     2.4370,     3.4270      
# span 11 =     1.0806,     1.2739      
# span 12 = 5.9875e-02, 2.4580e+00      
# span 13 =     -2.573,     -2.487      
# span 14 = 1.4968e-04, 1.0844e-03      
# span 15 = 3.0415e+00, 3.4549e+00      
# span 16 =   43.47092,   43.47232      
# span 17 =  -57.52906,  -57.52550      
# span 18 =    32.8694,    34.9843      
# span 19 =    32.8884,    35.0021      
# span 20 =     3.6146,     6.0235      
# span 21 =     3.6144,     6.0230      
# span 22 =    25.9567,    27.7597      
# span 23 =    25.9718,    27.7741      
# span 24 =     4.7485,     7.3834      
# span 25 =     4.7127,     7.2689      
# span 26 =          4,         60      
# span 27 = 0.0000e+00, 0.0000e+00      
# interval = decibars: 0.5              
# start_time = Apr 27 2024 19:08:29 [NMEA time, header]
# bad_flag = -9.990e-29
*END*
[from data line 2848]
      45088   1878.628   1426.500     3.8025   3.293882     3.8025   3.295420      88.49 1.0177e-01     1.8147     2.4965     1.1073 6.1050e-02     -2.560 1.6845e-04 3.0649e+00   43.47099  -57.52738    34.9202    34.9384     3.6912     3.6912    27.7545    27.7690     6.0257     5.9475         13 0.0000e+00
      45101   1879.175   1427.000     3.8022   3.293875     3.8022   3.295412      88.09 1.0180e-01     1.8140     2.4955     1.1039 6.1050e-02     -2.560 1.7348e-04 3.0647e+00   43.47100  -57.52738    34.9202    34.9383     3.6909     3.6908    27.7546    27.7690     6.0221     5.9468         13 0.0000e+00
      45115   1879.745   1427.500     3.8020   3.293873     3.8020   3.295410      87.80 1.0174e-01     1.8139     2.4953     1.1106 6.1050e-02     -2.564 1.7282e-04 3.0659e+00   43.47100  -57.52738    34.9202    34.9384     3.6906     3.6905    27.7546    27.7690     6.0314     5.9472         14 0.0000e+00
      45129   1880.329   1428.000     3.8018   3.293884     3.8018   3.295409      89.69 1.0175e-01     1.8142     2.4947     1.1140 6.1050e-02     -2.562 1.7160e-04 3.0659e+00   43.47100  -57.52738    34.9202    34.9382     3.6904     3.6904    27.7546    27.7690     6.0391     5.9460         15 0.0000e+00
      45144   1880.945   1428.500     3.8018   3.293898     3.8017   3.295426      90.06 1.0177e-01     1.8144     2.4943     1.1059 6.1050e-02     -2.562 1.6862e-04 3.0659e+00   43.47100  -57.52738    34.9202    34.9383     3.6903     3.6902    27.7546    27.7690     6.0382     5.9431         15 0.0000e+00
      45159   1881.595   1429.000     3.8018   3.293919     3.8018   3.295451      90.06 1.0180e-01     1.8144     2.4930     1.1103 6.1050e-02     -2.558 1.6603e-04 3.0659e+00   43.47100  -57.52738    34.9202    34.9383     3.6903     3.6902    27.7546    27.7690     6.0349     5.9402         16 0.0000e+00
      45175   1882.250   1429.500     3.8018   3.293939     3.8018   3.295476      87.75 1.0168e-01     1.8144     2.4929     1.1140 6.4305e-02     -2.560 1.6602e-04 3.0659e+00   43.47100  -57.52736    34.9201    34.9384     3.6903     3.6902    27.7546    27.7691     6.0330     5.9456         15 0.0000e+00
      45190   1882.883   1430.000     3.8018   3.293950     3.8017   3.295488      87.15 1.0173e-01     1.8142     2.4930     1.1195 6.1009e-02     -2.558 1.6705e-04 3.0655e+00   43.47100  -57.52736    34.9201    34.9383     3.6902     3.6901    27.7545    27.7691     6.0341     5.9478         15 0.0000e+00
      45205   1883.503   1430.500     3.8019   3.293986     3.8018   3.295519      90.44 1.0180e-01     1.8143     2.4928     1.1101 6.1050e-02     -2.560 1.6576e-04 3.0651e+00   43.47100  -57.52736    34.9202    34.9384     3.6902     3.6901    27.7546    27.7691     6.0383     5.9481         15 0.0000e+00
      45219   1884.085   1431.000     3.8021   3.294031     3.8019   3.295550      90.00 1.0174e-01     1.8144     2.4925     1.1028 6.1050e-02     -2.560 1.6669e-04 3.0647e+00   43.47100  -57.52736    34.9202    34.9383     3.6905     3.6902    27.7546    27.7690     6.0375     5.9481         13 0.0000e+00
      45231   1884.592   1431.500     3.8023   3.294079     3.8021   3.295595      89.45 1.0180e-01     1.8144     2.4930     1.0921 6.1050e-02     -2.558 1.6585e-04 3.0648e+00   43.47100  -57.52736    34.9203    34.9384     3.6906     3.6903    27.7546    27.7691     6.0361     5.9486         11 0.0000e+00
      45242   1885.021   1432.000     3.8023   3.294108     3.8022   3.295622      90.10 1.0180e-01     1.8144     2.4925     1.0806 6.1050e-02     -2.564 1.6704e-04 3.0648e+00   43.47102  -57.52736    34.9204    34.9384     3.6906     3.6904    27.7547    27.7691     6.0332     5.9458         10 0.0000e+00
      45251   1885.401   1432.500     3.8021   3.294111     3.8021   3.295633      92.00 1.0180e-01     1.8141     2.4924     1.1084 6.1050e-02     -2.563 1.6550e-04 3.0647e+00   43.47102  -57.52736    34.9204    34.9384     3.6902     3.6902    27.7548    27.7691     6.0320     5.9438          8 0.0000e+00
      45259   1885.744   1433.000     3.8015   3.294076     3.8015   3.295603      91.98 1.0180e-01     1.8144     2.4924     1.1128 6.1050e-02     -2.563 1.7196e-04 3.0647e+00   43.47102  -57.52735    34.9204    34.9384     3.6896     3.6896    27.7548    27.7692     6.0291     5.9429          8 0.0000e+00
      45267   1886.072   1433.500     3.8011   3.294065     3.8010   3.295586      91.84 1.0180e-01     1.8138     2.4918     1.1108 6.1050e-02     -2.562 1.7217e-04 3.0647e+00   43.47102  -57.52734    34.9204    34.9385     3.6892     3.6890    27.7549    27.7693     6.0256     5.9412          8 0.0000e+00
      45274   1886.388   1434.000     3.8008   3.294062     3.8007   3.295577      91.56 1.0180e-01     1.8141     2.4918     1.1117 6.1050e-02     -2.562 1.7031e-04 3.0647e+00   43.47102  -57.52734    34.9204    34.9384     3.6889     3.6887    27.7549    27.7693     6.0329     5.9437          8 0.0000e+00
      45282   1886.705   1434.500     3.8000   3.294012     3.7999   3.295531      91.57 1.0180e-01     1.8132     2.4913     1.1073 6.1050e-02     -2.564 1.7362e-04 3.0647e+00   43.47102  -57.52734    34.9204    34.9384     3.6880     3.6879    27.7550    27.7694     6.0343     5.9458          7 0.0000e+00
      45290   1887.035   1435.000     3.7996   3.294003     3.7994   3.295513      91.66 1.0180e-01     1.8139     2.4909     1.1023 6.2381e-02     -2.565 1.7312e-04 3.0647e+00   43.47102  -57.52734    34.9205    34.9385     3.6876     3.6873    27.7551    27.7695     6.0431     5.9512          9 0.0000e+00
      45299   1887.415   1435.500     3.7994   3.293998     3.7992   3.295513      91.91 1.0180e-01     1.8140     2.4920     1.1095 6.5108e-02     -2.568 1.7311e-04 3.0647e+00   43.47102  -57.52734    34.9204    34.9385     3.6874     3.6871    27.7551    27.7695     6.0492     5.9602          9 0.0000e+00
      45310   1887.886   1436.000     3.7993   3.294006     3.7991   3.295520      91.75 1.0180e-01     1.8143     2.4926     1.1119 6.1132e-02     -2.564 1.7205e-04 3.0645e+00   43.47102  -57.52734    34.9204    34.9384     3.6872     3.6870    27.7550    27.7695     6.0405     5.9628         14 0.0000e+00
      45330   1888.704   1436.500     3.7984   3.293923     3.7990   3.295521      90.31 1.0178e-01     1.8138     2.4934     1.1083 6.1050e-02     -2.561 1.7039e-04 3.0635e+00   43.47102  -57.52734    34.9201    34.9384     3.6862     3.6868    27.7550    27.7694     6.0260     5.9611         27 0.0000e+00
      45357   1889.834   1437.000     3.7978   3.293885     3.7976   3.295403      90.04 1.0176e-01     1.8131     2.4935     1.1125 6.1050e-02     -2.561 1.6531e-04 3.0635e+00   43.47102  -57.52734    34.9200    34.9381     3.6857     3.6854    27.7549    27.7694     6.0336     5.9527         21 0.0000e+00
      45372   1890.449   1437.500     3.7978   3.293910     3.7973   3.295402      90.47 1.0173e-01     1.8133     2.4929     1.1157 6.1050e-02     -2.561 1.6262e-04 3.0635e+00   43.47102  -57.52734    34.9201    34.9382     3.6856     3.6850    27.7550    27.7695     6.0373     5.9472         11 0.0000e+00
      45382   1890.861   1438.000     3.7974   3.293893     3.7972   3.295419      90.45 1.0176e-01     1.8132     2.4926     1.1143 6.1050e-02     -2.563 1.6286e-04 3.0635e+00   43.47104  -57.52732    34.9200    34.9383     3.6852     3.6849    27.7550    27.7696     6.0295     5.9441         10 0.0000e+00
      45390   1891.219   1438.500     3.7972   3.293897     3.7970   3.295420      90.47 1.0180e-01     1.8132     2.4921     1.1020 6.1050e-02     -2.562 1.6360e-04 3.0635e+00   43.47104  -57.52732    34.9201    34.9383     3.6848     3.6846    27.7551    27.7696     6.0248     5.9444          8 0.0000e+00
      45398   1891.544   1439.000     3.7971   3.293917     3.7969   3.295436      90.47 1.0180e-01     1.8123     2.4913     1.1242 6.1050e-02     -2.573 1.6553e-04 3.0635e+00   43.47104  -57.52732    34.9202    34.9383     3.6847     3.6846    27.7551    27.7696     6.0186     5.9415          7 0.0000e+00
      45405   1891.847   1439.500     3.7967   3.293893     3.7966   3.295421      90.48 1.0180e-01     1.8127     2.4913     1.1251 6.1050e-02     -2.568 1.6552e-04 3.0635e+00   43.47104  -57.52732    34.9201    34.9382     3.6843     3.6841    27.7551    27.7696     6.0241     5.9425          7 0.0000e+00
      45412   1892.142   1440.000     3.7958   3.293831     3.7958   3.295363      90.51 1.0174e-01     1.8121     2.4911     1.1450 6.1050e-02     -2.571 1.6552e-04 3.0631e+00   43.47104  -57.52732    34.9200    34.9381     3.6834     3.6833    27.7552    27.7696     6.0290     5.9438          7 0.0000e+00
      45419   1892.433   1440.500     3.7950   3.293779     3.7950   3.295309      90.56 1.0180e-01     1.8120     2.4906     1.1118 6.1050e-02     -2.570 1.6896e-04 3.0624e+00   43.47104  -57.52732    34.9200    34.9381     3.6825     3.6825    27.7553    27.7697     6.0366     5.9463          7 0.0000e+00
      45427   1892.733   1441.000     3.7946   3.293767     3.7945   3.295294      90.55 1.0180e-01     1.8125     2.4904     1.1182 6.1050e-02     -2.572 1.7124e-04 3.0623e+00   43.47104  -57.52732    34.9200    34.9381     3.6821     3.6820    27.7553    27.7697     6.0376     5.9489          8 0.0000e+00
      45435   1893.068   1441.500     3.7943   3.293757     3.7942   3.295279      90.57 1.0180e-01     1.8128     2.4905     1.1052 6.1050e-02     -2.563 1.7182e-04 3.0623e+00   43.47104  -57.52732    34.9200    34.9381     3.6817     3.6816    27.7553    27.7697     6.0424     5.9523          9 0.0000e+00
      45445   1893.513   1442.000     3.7941   3.293754     3.7940   3.295275      90.58 1.0180e-01     1.8122     2.4910     1.1061 6.1930e-02     -2.563 1.7166e-04 3.0623e+00   43.47104  -57.52732    34.9199    34.9380     3.6816     3.6814    27.7552    27.7697     6.0415     5.9564         13 0.0000e+00
      45480   1894.962   1442.500     3.7946   3.293811     3.7944   3.295338      89.16 1.0173e-01     1.8129     2.4914     1.1131 6.0992e-02     -2.561 1.6701e-04 3.0623e+00   43.47104  -57.52732    34.9198    34.9380     3.6819     3.6817    27.7552    27.7697     6.0458     5.9598         41 0.0000e+00
      45511   1896.235   1443.000     3.7925   3.293623     3.7928   3.295190      88.79 1.0177e-01     1.8133     2.4925     1.1118 6.1050e-02     -2.563 1.5058e-04 3.0623e+00   43.47104  -57.52730    34.9196    34.9378     3.6798     3.6801    27.7552    27.7696     6.0452     5.9630         13 0.0000e+00
      45521   1896.674   1443.500     3.7919   3.293599     3.7917   3.295128      89.44 1.0180e-01     1.8133     2.4925     1.0946 6.1050e-02     -2.567 1.5075e-04 3.0623e+00   43.47104  -57.52730    34.9197    34.9379     3.6792     3.6789    27.7553    27.7699     6.0367     5.9619          9 0.0000e+00
      45530   1897.043   1444.000     3.7921   3.293650     3.7919   3.295172      90.29 1.0180e-01     1.8130     2.4923     1.0924 6.1050e-02     -2.567 1.7024e-04 3.0623e+00   43.47106  -57.52730    34.9198    34.9380     3.6794     3.6791    27.7554    27.7699     6.0274     5.9587          9 0.0000e+00
      45538   1897.383   1444.500     3.7922   3.293684     3.7919   3.295191      92.34 1.0180e-01     1.8127     2.4928     1.0960 6.1050e-02     -2.566 1.7301e-04 3.0623e+00   43.47106  -57.52730    34.9198    34.9380     3.6795     3.6791    27.7554    27.7699     6.0309     5.9586          8 0.0000e+00
      45546   1897.703   1445.000     3.7924   3.293722     3.7920   3.295221      92.43 1.0180e-01     1.8124     2.4926     1.1092 6.1050e-02     -2.567 1.7311e-04 3.0623e+00   43.47106  -57.52730    34.9199    34.9380     3.6795     3.6791    27.7554    27.7699     6.0411     5.9554          7 0.0000e+00
      45553   1898.015   1445.500     3.7923   3.293736     3.7920   3.295246      92.00 1.0180e-01     1.8122     2.4921     1.1171 6.2548e-02     -2.570 1.7264e-04 3.0623e+00   43.47106  -57.52730    34.9198    34.9380     3.6795     3.6791    27.7554    27.7699     6.0459     5.9512          8 0.0000e+00
      45561   1898.328   1446.000     3.7923   3.293756     3.7921   3.295275      90.22 1.0165e-01     1.8134     2.4921     1.0992 1.0052e-01     -2.561 1.7204e-04 3.0623e+00   43.47106  -57.52730    34.9199    34.9380     3.6794     3.6791    27.7554    27.7699     6.0442     5.9506          7 0.0000e+00
      45569   1898.657   1446.500     3.7921   3.293751     3.7921   3.295299      90.20 1.0175e-01     1.8133     2.4908     1.0973 7.0069e-02     -2.569 1.7144e-04 3.0623e+00   43.47106  -57.52730    34.9198    34.9380     3.6791     3.6791    27.7554    27.7699     6.0304     5.9486          9 0.0000e+00
      45578   1899.033   1447.000     3.7918   3.293752     3.7917   3.295284      90.51 1.0180e-01     1.8126     2.4911     1.1172 6.1238e-02     -2.566 1.6977e-04 3.0623e+00   43.47106  -57.52730    34.9198    34.9380     3.6788     3.6787    27.7555    27.7699     6.0112     5.9544          9 0.0000e+00
      45588   1899.454   1447.500     3.7915   3.293735     3.7914   3.295273      91.35 1.0180e-01     1.8109     2.4909     1.0951 6.1050e-02     -2.564 1.7171e-04 3.0623e+00   43.47106  -57.52730    34.9197    34.9379     3.6784     3.6783    27.7554    27.7699     6.0053     5.9576         11 0.0000e+00
      45600   1899.972   1448.000     3.7908   3.293691     3.7907   3.295218      91.61 1.0180e-01     1.8107     2.4913     1.0937 6.1050e-02     -2.563 1.7068e-04 3.0623e+00   43.47106  -57.52730    34.9197    34.9378     3.6777     3.6776    27.7555    27.7699     6.0232     5.9602         14 0.0000e+00
      45616   1900.605   1448.500     3.7898   3.293608     3.7891   3.295085      92.36 1.0177e-01     1.8111     2.4910     1.1003 6.1050e-02     -2.559 1.8024e-04 3.0623e+00   43.47106  -57.52730    34.9195    34.9376     3.6767     3.6760    27.7554    27.7700     6.0338     5.9584         16 0.0000e+00
      45631   1901.255   1449.000     3.7889   3.293539     3.7886   3.295060      91.52 1.0180e-01     1.8105     2.4912     1.1137 6.1050e-02     -2.560 1.7841e-04 3.0623e+00   43.47106  -57.52730    34.9194    34.9376     3.6757     3.6754    27.7554    27.7700     6.0309     5.9590         15 0.0000e+00
      45645   1901.827   1449.500     3.7885   3.293526     3.7883   3.295049      91.19 1.0180e-01     1.8108     2.4909     1.1046 6.1050e-02     -2.567 1.6565e-04 3.0623e+00   43.47107  -57.52730    34.9194    34.9376     3.6753     3.6751    27.7555    27.7700     6.0371     5.9548         13 0.0000e+00
      45657   1902.337   1450.000     3.7881   3.293514     3.7879   3.295038      91.17 1.0180e-01     1.8105     2.4905     1.1089 6.1050e-02     -2.564 1.6656e-04 3.0623e+00   43.47108  -57.52730    34.9194    34.9376     3.6749     3.6747    27.7556    27.7701     6.0287     5.9555         11 0.0000e+00
      45669   1902.820   1450.500     3.7876   3.293484     3.7876   3.295023      91.17 1.0180e-01     1.8107     2.4902     1.1167 6.1050e-02     -2.563 1.6614e-04 3.0623e+00   43.47108  -57.52729    34.9194    34.9376     3.6743     3.6743    27.7556    27.7701     6.0243     5.9556         12 0.0000e+00
      45680   1903.280   1451.000     3.7866   3.293424     3.7870   3.294991      92.25 1.0180e-01     1.8096     2.4903     1.1045 6.1050e-02     -2.561 1.6621e-04 3.0627e+00   43.47108  -57.52728    34.9194    34.9375     3.6733     3.6737    27.7557    27.7701     6.0272     5.9584         11 0.0000e+00
      45691   1903.735   1451.500     3.7860   3.293389     3.7860   3.294924      92.44 1.0180e-01     1.8098     2.4904     1.1197 6.1050e-02     -2.564 1.6988e-04 3.0633e+00   43.47108  -57.52728    34.9194    34.9376     3.6727     3.6726    27.7558    27.7702     6.0409     5.9585         11 0.0000e+00
