spring-2024/data/D880a151.CNV
* Sea-Bird SBE 9 Data File:
* FileName = C:\CTD_ACQUISITION\2024880TEL\ctddata\880a151.hdr
* Software Version Seasave V 7.26.7.121
* Temperature SN = 4807
* Conductivity SN = 4361
* Number of Bytes Per Scan = 40
* Number of Voltage Words = 5
* Number of Scans Averaged by the Deck Unit = 1
* NMEA Latitude = 43 28.36 N
* NMEA Longitude = 057 31.58 W
* NMEA UTC (Time) = Apr 27 2024 19:08:29
* NMEA baud rate = 4800
** Ship: CCGS TELEOST
** Cruise: TEL2024880
** Chief_Scientist: LINDSAY BEAZLEY
** Organization: BIO
** Area_of_Operation: SCOTIAN SHELF
** Cruise_Description: ATLANTIC ZONE MONITORING PROGRAM (AZMP)
** Station_Name: LL_09
** Event_Number:  151
** Sounding:  3566
** Event_Comments: LL_09,503780
# nquan = 28
# nvalues = 3008                        
# units = specified
# name 0 = scan: Scan Count
# name 1 = timeS: Time, Elapsed [seconds]
# name 2 = prDM: Pressure, Digiquartz [db]
# name 3 = t090C: Temperature [ITS-90, deg C]
# name 4 = c0S/m: Conductivity [S/m]
# name 5 = t190C: Temperature, 2 [ITS-90, deg C]
# name 6 = c1S/m: Conductivity, 2 [S/m]
# name 7 = altM: Altimeter [m]
# name 8 = par/log: PAR/Logarithmic, Satlantic [umol photons/m2/s]
# name 9 = sbeox0V: Oxygen raw, SBE 43 [V]
# name 10 = sbeox1V: Oxygen raw, SBE 43, 2 [V]
# name 11 = flSPuv0: Fluorescence, Seapoint Ultraviolet
# name 12 = flSP: Fluorescence, Seapoint
# name 13 = ph: pH
# name 14 = turbWETbb0: Turbidity, WET Labs ECO BB [m^-1/sr]
# name 15 = spar: SPAR/Surface Irradiance
# name 16 = latitude: Latitude [deg]
# name 17 = longitude: Longitude [deg]
# name 18 = sal00: Salinity, Practical [PSU]
# name 19 = sal11: Salinity, Practical, 2 [PSU]
# name 20 = potemp090C: Potential Temperature [ITS-90, deg C]
# name 21 = potemp190C: Potential Temperature, 2 [ITS-90, deg C]
# name 22 = sigma-é00: Density [sigma-theta, kg/m^3]
# name 23 = sigma-é11: Density, 2 [sigma-theta, kg/m^3]
# name 24 = sbeox0ML/L: Oxygen, SBE 43 [ml/l], WS = 2
# name 25 = sbeox1ML/L: Oxygen, SBE 43, 2 [ml/l], WS = 2
# name 26 = nbin: number of scans per bin
# name 27 = flag: flag
# span 0 =       8519,      48589       
# span 1 =    354.905,   2024.501       
# span 2 =      2.500,   1506.000       
# span 3 =     3.7322,     6.0375       
# span 4 =   3.144380,   3.406173       
# span 5 =     3.7320,     6.0370       
# span 6 =   3.145916,   3.407668       
# span 7 =       0.98,      95.70       
# span 8 = 1.0144e-01, 2.4801e+02       
# span 9 =     1.7747,     2.4861       
# span 10 =     2.4370,     3.4270      
# span 11 =     1.0806,     1.2739      
# span 12 = 5.9875e-02, 2.4580e+00      
# span 13 =     -2.573,     -2.487      
# span 14 = 1.4968e-04, 1.0844e-03      
# span 15 = 3.0415e+00, 3.4549e+00      
# span 16 =   43.47092,   43.47232      
# span 17 =  -57.52906,  -57.52550      
# span 18 =    32.8694,    34.9843      
# span 19 =    32.8884,    35.0021      
# span 20 =     3.6146,     6.0235      
# span 21 =     3.6144,     6.0230      
# span 22 =    25.9567,    27.7597      
# span 23 =    25.9718,    27.7741      
# span 24 =     4.7485,     7.3834      
# span 25 =     4.7127,     7.2689      
# span 26 =          4,         60      
# span 27 = 0.0000e+00, 0.0000e+00      
# interval = decibars: 0.5              
# start_time = Apr 27 2024 19:08:29 [NMEA time, header]
# bad_flag = -9.990e-29
*END*
[from data line 725]
      18967    790.231    365.000     5.3298   3.377347     5.3300   3.378911      89.61 1.0175e-01     1.8108     2.4936     1.1686 1.3348e-01     -2.504 2.0412e-04 3.2997e+00   43.47230  -57.52634    34.8307    34.8485     5.3000     5.3002    27.5057    27.5197     5.0424     4.9867         21 0.0000e+00
      18984    790.977    365.500     5.3252   3.376915     5.3256   3.378497      89.64 1.0175e-01     1.8122     2.4946     1.1612 8.0881e-02     -2.509 1.9955e-04 3.3004e+00   43.47228  -57.52636    34.8303    34.8481     5.2953     5.2957    27.5059    27.5199     5.0458     4.9886         15 0.0000e+00
      18998    791.562    366.000     5.3226   3.376672     5.3231   3.378265      90.26 1.0180e-01     1.8123     2.4948     1.1626 7.3925e-02     -2.505 2.0240e-04 3.3007e+00   43.47228  -57.52636    34.8300    34.8477     5.2927     5.2932    27.5059    27.5199     5.0556     4.9875         13 0.0000e+00
      19010    792.057    366.500     5.3199   3.376418     5.3199   3.377955      90.20 1.0180e-01     1.8138     2.4944     1.1573 9.3840e-02     -2.512 2.0351e-04 3.3015e+00   43.47228  -57.52636    34.8296    34.8473     5.2900     5.2899    27.5060    27.5200     5.0627     4.9863         11 0.0000e+00
      19021    792.501    367.000     5.3174   3.376184     5.3175   3.377751      90.10 1.0180e-01     1.8153     2.4950     1.1602 8.3235e-02     -2.509 2.0555e-04 3.3015e+00   43.47228  -57.52636    34.8292    34.8471     5.2875     5.2875    27.5060    27.5201     5.0528     4.9876         11 0.0000e+00
      19031    792.910    367.500     5.3146   3.375915     5.3150   3.377512      90.12 1.0180e-01     1.8150     2.4948     1.1688 7.4764e-02     -2.507 2.1098e-04 3.3005e+00   43.47228  -57.52636    34.8289    34.8467     5.2845     5.2850    27.5060    27.5201     5.0388     4.9870          9 0.0000e+00
      19040    793.296    368.000     5.3137   3.375855     5.3136   3.377411      90.44 1.0180e-01     1.8132     2.4941     1.1565 7.7363e-02     -2.514 2.1107e-04 3.3004e+00   43.47228  -57.52636    34.8288    34.8467     5.2837     5.2836    27.5061    27.5203     5.0262     4.9835          9 0.0000e+00
      19049    793.672    368.500     5.3131   3.375813     5.3130   3.377377      90.43 1.0180e-01     1.8141     2.4945     1.1641 7.7330e-02     -2.513 2.0979e-04 3.3004e+00   43.47227  -57.52636    34.8287    34.8467     5.2830     5.2829    27.5061    27.5204     5.0343     4.9849          9 0.0000e+00
      19058    794.036    369.000     5.3151   3.376086     5.3152   3.377679      91.11 1.0180e-01     1.8135     2.4938     1.1737 7.3317e-02     -2.510 2.0731e-04 3.3004e+00   43.47226  -57.52636    34.8294    34.8476     5.2850     5.2851    27.5064    27.5208     5.0370     4.9858          9 0.0000e+00
      19066    794.387    369.500     5.3151   3.376128     5.3161   3.377771      92.32 1.0180e-01     1.8140     2.4934     1.1695 6.8790e-02     -2.510 2.0727e-04 3.3004e+00   43.47226  -57.52636    34.8297    34.8475     5.2849     5.2859    27.5067    27.5207     5.0427     4.9866          8 0.0000e+00
      19075    794.730    370.000     5.3135   3.375993     5.3135   3.377548      92.35 1.0180e-01     1.8133     2.4945     1.1703 8.3978e-02     -2.515 2.0727e-04 3.3004e+00   43.47226  -57.52637    34.8296    34.8474     5.2833     5.2833    27.5067    27.5208     5.0418     4.9920          8 0.0000e+00
      19083    795.070    370.500     5.3127   3.375935     5.3125   3.377479      91.19 1.0180e-01     1.8136     2.4938     1.1497 7.4579e-02     -2.513 2.0727e-04 3.3004e+00   43.47226  -57.52638    34.8295    34.8474     5.2824     5.2822    27.5068    27.5210     5.0489     4.9921          8 0.0000e+00
      19091    795.416    371.000     5.3102   3.375728     5.3105   3.377312      89.50 1.0172e-01     1.8144     2.4946     1.1591 7.3264e-02     -2.514 2.0727e-04 3.3005e+00   43.47226  -57.52638    34.8294    34.8473     5.2799     5.2802    27.5070    27.5211     5.0538     4.9922          9 0.0000e+00
      19100    795.783    371.500     5.3113   3.375915     5.3105   3.377416      89.49 1.0179e-01     1.8145     2.4949     1.1647 7.3260e-02     -2.513 2.0727e-04 3.3016e+00   43.47226  -57.52638    34.8302    34.8482     5.2809     5.2802    27.5075    27.5219     5.0534     4.9890          9 0.0000e+00
      19109    796.187    372.000     5.3135   3.376204     5.3129   3.377700      90.53 1.0173e-01     1.8145     2.4943     1.1619 7.5698e-02     -2.512 2.1409e-04 3.3023e+00   43.47226  -57.52638    34.8309    34.8487     5.2831     5.2825    27.5078    27.5220     5.0469     4.9828         10 0.0000e+00
      19121    796.659    372.500     5.3165   3.376574     5.3152   3.378019      90.91 1.0180e-01     1.8147     2.4933     1.1615 7.6072e-02     -2.511 2.1485e-04 3.3033e+00   43.47226  -57.52638    34.8318    34.8497     5.2861     5.2848    27.5082    27.5225     5.0455     4.9753         13 0.0000e+00
      19135    797.270    373.000     5.3221   3.377215     5.3208   3.378664      92.16 1.0180e-01     1.8145     2.4915     1.1518 7.7517e-02     -2.511 2.0733e-04 3.3040e+00   43.47226  -57.52638    34.8331    34.8511     5.2916     5.2902    27.5085    27.5230     5.0338     4.9669         17 0.0000e+00
      19155    798.084    373.500     5.3326   3.378416     5.3306   3.379781      91.34 1.0178e-01     1.8131     2.4889     1.1505 9.9334e-02     -2.508 2.2644e-04 3.3052e+00   43.47226  -57.52638    34.8358    34.8534     5.3020     5.3000    27.5094    27.5237     5.0113     4.9589         22 0.0000e+00
      19178    799.050    374.000     5.3369   3.378955     5.3373   3.380538      90.97 1.0178e-01     1.8108     2.4865     1.1550 8.1060e-02     -2.510 2.7570e-04 3.3053e+00   43.47226  -57.52638    34.8371    34.8549     5.3063     5.3066    27.5100    27.5240     5.0033     4.9606         23 0.0000e+00
      19199    799.919    374.500     5.3291   3.378211     5.3296   3.379800      90.73 1.0178e-01     1.8094     2.4866     1.1655 7.5133e-02     -2.507 2.0541e-04 3.3065e+00   43.47226  -57.52638    34.8365    34.8542     5.2985     5.2990    27.5104    27.5243     5.0089     4.9693         18 0.0000e+00
      19215    800.588    375.000     5.3207   3.377407     5.3213   3.378981      86.17 1.0172e-01     1.8087     2.4865     1.1556 7.3183e-02     -2.509 2.1347e-04 3.3070e+00   43.47226  -57.52638    34.8357    34.8532     5.2900     5.2906    27.5108    27.5246     5.0016     4.9681         14 0.0000e+00
      19228    801.111    375.500     5.3146   3.376828     5.3144   3.378367      89.25 1.0180e-01     1.8074     2.4862     1.1583 7.4430e-02     -2.509 2.1896e-04 3.3077e+00   43.47224  -57.52640    34.8352    34.8530     5.2839     5.2837    27.5111    27.5253     4.9924     4.9660         11 0.0000e+00
      19238    801.529    376.000     5.3206   3.377535     5.3196   3.379028      92.33 1.0180e-01     1.8063     2.4857     1.1485 7.3238e-02     -2.507 2.1789e-04 3.3077e+00   43.47224  -57.52640    34.8368    34.8549     5.2899     5.2888    27.5116    27.5262     5.0085     4.9605         10 0.0000e+00
      19246    801.890    376.500     5.3278   3.378371     5.3276   3.379946      92.26 1.0180e-01     1.8053     2.4853     1.1457 7.4762e-02     -2.510 2.0744e-04 3.3077e+00   43.47224  -57.52640    34.8386    34.8569     5.2970     5.2968    27.5123    27.5268     5.0173     4.9557          8 0.0000e+00
      19254    802.208    377.000     5.3376   3.379446     5.3401   3.381353      91.96 1.0180e-01     1.8080     2.4843     1.1669 9.4178e-02     -2.518 2.0727e-04 3.3077e+00   43.47224  -57.52640    34.8406    34.8599     5.3067     5.3091    27.5127    27.5276     5.0289     4.9492          7 0.0000e+00
      19261    802.490    377.500     5.3550   3.381311     5.3549   3.382983      91.91 1.0180e-01     1.8084     2.4836     1.1559 7.4559e-02     -2.514 2.0727e-04 3.3077e+00   43.47224  -57.52640    34.8436    34.8628     5.3240     5.3239    27.5130    27.5282     5.0180     4.9424          6 0.0000e+00
      19267    802.753    378.000     5.3697   3.382940     5.3693   3.384530      91.90 1.0180e-01     1.8079     2.4827     1.1533 7.3235e-02     -2.517 2.0727e-04 3.3077e+00   43.47224  -57.52640    34.8468    34.8654     5.3386     5.3382    27.5137    27.5286     5.0018     4.9341          7 0.0000e+00
      19273    803.004    378.500     5.3778   3.383968     5.3761   3.385294      91.63 1.0180e-01     1.8070     2.4817     1.1550 7.8991e-02     -2.516 2.0727e-04 3.3077e+00   43.47224  -57.52640    34.8499    34.8669     5.3467     5.3449    27.5152    27.5289     4.9814     4.9285          6 0.0000e+00
      19279    803.252    379.000     5.3942   3.385850     5.3869   3.386606      90.21 1.0180e-01     1.8055     2.4808     1.1539 7.5594e-02     -2.511 2.0727e-04 3.3077e+00   43.47224  -57.52640    34.8541    34.8705     5.3631     5.3556    27.5166    27.5305     4.9615     4.9251          6 0.0000e+00
      19285    803.503    379.500     5.4148   3.388038     5.4076   3.388981      90.10 1.0180e-01     1.8048     2.4787     1.1493 7.5295e-02     -2.511 2.0727e-04 3.3077e+00   43.47224  -57.52640    34.8576    34.8758     5.3835     5.3763    27.5169    27.5322     4.9549     4.9184          6 0.0000e+00
      19291    803.759    380.000     5.4235   3.389129     5.4215   3.390521      90.11 1.0180e-01     1.8043     2.4774     1.1571 7.5295e-02     -2.516 2.0727e-04 3.3077e+00   43.47224  -57.52640    34.8608    34.8788     5.3921     5.3901    27.5184    27.5329     4.9575     4.9197          6 0.0000e+00
      19298    804.035    380.500     5.4262   3.389514     5.4255   3.391004      90.74 1.0175e-01     1.8032     2.4768     1.1667 8.8603e-02     -2.513 2.2470e-04 3.3077e+00   43.47224  -57.52640    34.8622    34.8799     5.3947     5.3940    27.5192    27.5333     4.9626     4.9281          7 0.0000e+00
      19305    804.347    381.000     5.4267   3.389592     5.4265   3.391160      92.31 1.0180e-01     1.8023     2.4765     1.1613 7.3599e-02     -2.512 2.2995e-04 3.3087e+00   43.47224  -57.52640    34.8626    34.8804     5.3952     5.3950    27.5194    27.5335     4.9739     4.9427          8 0.0000e+00
      19315    804.771    381.500     5.4265   3.389641     5.4265   3.391191      92.32 1.0180e-01     1.8022     2.4788     1.1690 7.5049e-02     -2.505 2.3005e-04 3.3102e+00   43.47224  -57.52641    34.8628    34.8805     5.3950     5.3950    27.5196    27.5336     4.9942     4.9661         13 0.0000e+00
      19354    806.383    382.000     5.4186   3.388781     5.4175   3.390160      90.33 1.0180e-01     1.8064     2.4900     1.1599 8.3158e-02     -2.504 2.2865e-04 3.3164e+00   43.47224  -57.52643    34.8611    34.8778     5.3871     5.3859    27.5192    27.5326     5.0430     5.0013         39 0.0000e+00
      19392    807.946    382.500     5.4139   3.388265     5.4154   3.389980      89.90 1.0177e-01     1.8116     2.4982     1.1491 7.3795e-02     -2.506 1.7849e-04 3.3184e+00   43.47224  -57.52644    34.8596    34.8777     5.3823     5.3838    27.5186    27.5328     5.0796     5.0115         13 0.0000e+00
      19401    808.353    383.000     5.4231   3.389302     5.4256   3.391140      87.90 1.0173e-01     1.8140     2.4994     1.1619 7.6915e-02     -2.509 1.8297e-04 3.3175e+00   43.47224  -57.52644    34.8617    34.8801     5.3914     5.3939    27.5192    27.5335     5.0794     5.0147         10 0.0000e+00
      19410    808.725    383.500     5.4265   3.389713     5.4267   3.391291      87.90 1.0180e-01     1.8151     2.5006     1.1530 7.0284e-02     -2.510 1.9574e-04 3.3173e+00   43.47224  -57.52644    34.8626    34.8805     5.3948     5.3949    27.5195    27.5336     5.0718     5.0151          8 0.0000e+00
      19418    809.060    384.000     5.4265   3.389731     5.4267   3.391300      90.41 1.0175e-01     1.8153     2.5016     1.1511 7.3237e-02     -2.515 1.9589e-04 3.3162e+00   43.47224  -57.52644    34.8625    34.8803     5.3947     5.3949    27.5195    27.5335     5.0610     5.0156          8 0.0000e+00
      19426    809.372    384.500     5.4224   3.389370     5.4244   3.391092      94.22 1.0180e-01     1.8156     2.5025     1.1357 8.1885e-02     -2.515 1.9589e-04 3.3162e+00   43.47224  -57.52644    34.8624    34.8800     5.3906     5.3926    27.5198    27.5336     5.0588     5.0180          7 0.0000e+00
      19433    809.674    385.000     5.4138   3.388579     5.4213   3.390846      94.24 1.0180e-01     1.8161     2.5031     1.1462 8.3767e-02     -2.510 2.0477e-04 3.3157e+00   43.47224  -57.52644    34.8619    34.8803     5.3820     5.3932    27.5205    27.5342     5.0612     5.0193          7 0.0000e+00
      19440    809.974    385.500     5.3994   3.387172     5.4125   3.389826      92.62 1.0180e-01     1.8167     2.5032     1.1681 8.3940e-02     -2.511 2.1097e-04 3.3150e+00   43.47224  -57.52646    34.8606    34.8774     5.3676     5.3807    27.5212    27.5329     5.0698     5.0208          8 0.0000e+00
      19448    810.284    386.000     5.3578   3.383052     5.3725   3.385682      82.40 1.0145e-01     1.8171     2.5050     1.1364 7.8631e-02     -2.516 2.1107e-04 3.3150e+00   43.47224  -57.52646    34.8563    34.8711     5.3261     5.3408    27.5228    27.5328     5.0768     5.0315          7 0.0000e+00
      19456    810.610    386.500     5.3280   3.380129     5.3328   3.381988      82.23 1.0158e-01     1.8178     2.5051     1.1449 7.3165e-02     -2.512 2.1107e-04 3.3142e+00   43.47224  -57.52646    34.8535    34.8698     5.2963     5.3011    27.5241    27.5365     5.0826     5.0373          8 0.0000e+00
      19464    810.977    387.000     5.3201   3.379335     5.3205   3.380915      83.20 1.0165e-01     1.8182     2.5058     1.1487 7.2046e-02     -2.512 2.0729e-04 3.3131e+00   43.47224  -57.52646    34.8523    34.8700     5.2884     5.2888    27.5242    27.5381     5.0836     5.0385         10 0.0000e+00
      19475    811.401    387.500     5.3172   3.379049     5.3157   3.380440      86.54 1.0173e-01     1.8185     2.5070     1.1630 7.3216e-02     -2.512 2.0727e-04 3.3118e+00   43.47224  -57.52646    34.8517    34.8693     5.2855     5.2839    27.5240    27.5381     5.0875     5.0417         11 0.0000e+00
      19487    811.903    388.000     5.3148   3.378819     5.3146   3.380350      87.19 1.0172e-01     1.8192     2.5072     1.1637 7.2347e-02     -2.511 2.0727e-04 3.3108e+00   43.47224  -57.52646    34.8513    34.8691     5.2830     5.2828    27.5240    27.5381     5.0931     5.0410         13 0.0000e+00
      19500    812.466    388.500     5.3121   3.378549     5.3130   3.380190      90.00 1.0179e-01     1.8206     2.5079     1.1520 7.3238e-02     -2.509 2.0727e-04 3.3093e+00   43.47224  -57.52646    34.8508    34.8687     5.2803     5.2812    27.5239    27.5380     5.0964     5.0417         14 0.0000e+00
      19514    813.045    389.000     5.3117   3.378518     5.3115   3.380082      89.20 1.0180e-01     1.8209     2.5083     1.1468 7.6096e-02     -2.509 2.1315e-04 3.3065e+00   43.47222  -57.52648    34.8506    34.8688     5.2799     5.2797    27.5238    27.5382     5.0947     5.0413         13 0.0000e+00
      19527    813.584    389.500     5.3104   3.378402     5.3105   3.379997      87.92 1.0171e-01     1.8215     2.5084     1.1547 7.3259e-02     -2.510 2.1867e-04 3.3031e+00   43.47223  -57.52648    34.8504    34.8686     5.2785     5.2786    27.5238    27.5382     5.1079     5.0411         13 0.0000e+00
      19539    814.067    390.000     5.3069   3.378096     5.3080   3.379756      88.93 1.0179e-01     1.8226     2.5087     1.1555 7.3260e-02     -2.511 2.1532e-04 3.3010e+00   43.47224  -57.52648    34.8502    34.8682     5.2750     5.2760    27.5241    27.5382     5.1141     5.0435         11 0.0000e+00
