analysis/comparisonShipArgo/data/D880a025.CNV
* Sea-Bird SBE 9 Data File:
* FileName = C:\CTD_ACQUISITION\2024880TEL\ctddata\880a025.hdr
* Software Version Seasave V 7.26.7.121
* Temperature SN = 4807
* Conductivity SN = 4361
* Number of Bytes Per Scan = 40
* Number of Voltage Words = 5
* Number of Scans Averaged by the Deck Unit = 1
* NMEA Latitude = 42 28.30 N
* NMEA Longitude = 061 25.50 W
* NMEA UTC (Time) = Apr 12 2024 18:24:30
* NMEA baud rate = 4800
** Ship: CCGS TELEOST
** Cruise: TEL2024880
** Chief_Scientist: LINDSAY BEAZLEY
** Organization: BIO
** Area_of_Operation: SCOTIAN SHELF
** Cruise_Description: ATLANTIC ZONE MONITORING PROGRAM (AZMP)
** Station_Name: HL_07
** Event_Number:  025
** Sounding:  938
** Event_Comments: HL_07,503128
** sounding incorrect
# nquan = 28
# nvalues = 3000                        
# units = specified
# name 0 = scan: Scan Count
# name 1 = timeS: Time, Elapsed [seconds]
# name 2 = prDM: Pressure, Digiquartz [db]
# name 3 = t090C: Temperature [ITS-90, deg C]
# name 4 = c0S/m: Conductivity [S/m]
# name 5 = t190C: Temperature, 2 [ITS-90, deg C]
# name 6 = c1S/m: Conductivity, 2 [S/m]
# name 7 = altM: Altimeter [m]
# name 8 = par/log: PAR/Logarithmic, Satlantic [umol photons/m2/s]
# name 9 = sbeox0V: Oxygen raw, SBE 43 [V]
# name 10 = sbeox1V: Oxygen raw, SBE 43, 2 [V]
# name 11 = flSPuv0: Fluorescence, Seapoint Ultraviolet
# name 12 = flSP: Fluorescence, Seapoint
# name 13 = ph: pH
# name 14 = turbWETbb0: Turbidity, WET Labs ECO BB [m^-1/sr]
# name 15 = spar: SPAR/Surface Irradiance
# name 16 = latitude: Latitude [deg]
# name 17 = longitude: Longitude [deg]
# name 18 = sal00: Salinity, Practical [PSU]
# name 19 = sal11: Salinity, Practical, 2 [PSU]
# name 20 = potemp090C: Potential Temperature [ITS-90, deg C]
# name 21 = potemp190C: Potential Temperature, 2 [ITS-90, deg C]
# name 22 = sigma-é00: Density [sigma-theta, kg/m^3]
# name 23 = sigma-é11: Density, 2 [sigma-theta, kg/m^3]
# name 24 = sbeox0ML/L: Oxygen, SBE 43 [ml/l], WS = 2
# name 25 = sbeox1ML/L: Oxygen, SBE 43, 2 [ml/l], WS = 2
# name 26 = nbin: number of scans per bin
# name 27 = flag: flag
# span 0 =       3911,      48001       
# span 1 =    162.933,   1999.986       
# span 2 =      2.000,   1501.500       
# span 3 =     2.5390,    10.3884       
# span 4 =   2.923197,   3.871820       
# span 5 =     2.5388,    10.3878       
# span 6 =   2.924770,   3.873158       
# span 7 =       0.17,     100.43       
# span 8 = 1.0144e-01, 4.0506e+02       
# span 9 =     1.5554,     2.6342       
# span 10 =     1.5872,     2.6930      
# span 11 =     1.1335,     1.4591      
# span 12 = 4.3551e-02, 1.4589e+01      
# span 13 =     -2.721,     -2.442      
# span 14 = 1.6128e-04, 1.2807e-03      
# span 15 = 3.0269e+00, 3.3304e+00      
# span 16 =   42.47190,   42.47330      
# span 17 =  -61.43126,  -61.42561      
# span 18 =    32.3570,    35.2045      
# span 19 =    32.3772,    35.2186      
# span 20 =     2.5356,    10.3672      
# span 21 =     2.5353,    10.3662      
# span 22 =    25.7870,    27.7495      
# span 23 =    25.8034,    27.7632      
# span 24 =     3.4852,     8.5113      
# span 25 =     3.4503,     8.3456      
# span 26 =          1,         69      
# span 27 = 0.0000e+00, 0.0000e+00      
# interval = decibars: 0.5              
# start_time = Apr 12 2024 18:24:30 [NMEA time, header]
# bad_flag = -9.990e-29
*END*
[from data line 363]
      13814    575.547    183.500    10.3688   3.870164    10.3640   3.871079      89.92 1.0179e-01     1.6049     1.6420     1.2055 6.1442e-02     -2.447 2.1535e-04 3.0667e+00   42.47218  -61.42727    35.1818    35.1960    10.3471    10.3423    27.0338    27.0458     3.6091     3.5990         50 0.0000e+00
      13879    578.255    184.000    10.3470   3.868030    10.3454   3.869289      90.81 1.0175e-01     1.6015     1.6381     1.2012 6.3251e-02     -2.449 1.9438e-04 3.0727e+00   42.47218  -61.42728    35.1811    35.1954    10.3252    10.3235    27.0371    27.0485     3.6158     3.5861         31 0.0000e+00
      13896    578.953    184.500    10.3299   3.866429    10.3305   3.867845      91.96 1.0177e-01     1.6010     1.6368     1.1973 6.4119e-02     -2.445 2.0912e-04 3.0743e+00   42.47218  -61.42728    35.1811    35.1950    10.3080    10.3086    27.0401    27.0508     3.6088     3.5861         16 0.0000e+00
      13910    579.533    185.000    10.3089   3.864412    10.3089   3.865743      91.29 1.0180e-01     1.6003     1.6360     1.2014 6.2019e-02     -2.449 2.1853e-04 3.0756e+00   42.47218  -61.42728    35.1808    35.1943    10.2870    10.2869    27.0435    27.0541     3.6071     3.5889         13 0.0000e+00
      13922    580.057    185.500    10.2948   3.863012    10.2945   3.864389      91.22 1.0180e-01     1.5993     1.6357     1.1972 6.1061e-02     -2.448 2.1147e-04 3.0767e+00   42.47218  -61.42728    35.1800    35.1942    10.2729    10.2726    27.0453    27.0565     3.6092     3.5924         12 0.0000e+00
      13936    580.620    186.000    10.2919   3.862733    10.2905   3.864013      91.06 1.0180e-01     1.5991     1.6352     1.2034 6.1050e-02     -2.444 2.0731e-04 3.0776e+00   42.47218  -61.42728    35.1797    35.1941    10.2699    10.2685    27.0456    27.0571     3.6134     3.5936         15 0.0000e+00
      13952    581.273    186.500    10.2892   3.862474    10.2882   3.863811      84.87 1.0161e-01     1.5992     1.6352     1.2028 6.1050e-02     -2.449 2.0445e-04 3.0789e+00   42.47218  -61.42730    35.1795    35.1940    10.2671    10.2662    27.0459    27.0575     3.6131     3.5942         17 0.0000e+00
      13971    582.077    187.000    10.2838   3.861956    10.2827   3.863257      85.71 1.0168e-01     1.5983     1.6347     1.2015 6.1050e-02     -2.452 2.5994e-04 3.0796e+00   42.47218  -61.42730    35.1792    35.1935    10.2617    10.2606    27.0467    27.0580     3.6051     3.5827         21 0.0000e+00
      13992    582.945    187.500    10.2724   3.860800    10.2715   3.862135      88.46 1.0178e-01     1.5972     1.6325     1.1927 6.1050e-02     -2.451 3.9390e-04 3.0806e+00   42.47218  -61.42730    35.1783    35.1927    10.2502    10.2494    27.0480    27.0594     3.6006     3.5693         19 0.0000e+00
      14009    583.668    188.000    10.2677   3.860369    10.2667   3.861716      90.76 1.0178e-01     1.5960     1.6308     1.2010 6.1050e-02     -2.453 2.1976e-04 3.0806e+00   42.47218  -61.42730    35.1782    35.1928    10.2455    10.2445    27.0488    27.0603     3.5876     3.5682         17 0.0000e+00
      14034    584.694    188.500    10.2664   3.860294    10.2656   3.861641      91.34 1.0179e-01     1.5927     1.6283     1.2079 6.3973e-02     -2.450 2.2273e-04 3.0809e+00   42.47218  -61.42731    35.1784    35.1930    10.2442    10.2433    27.0491    27.0607     3.5741     3.5552         34 0.0000e+00
      14125    588.487    189.000    10.2646   3.860202    10.2643   3.861579      93.13 1.0180e-01     1.5840     1.6184     1.2210 6.8145e-02     -2.451 1.8613e-04 3.0832e+00   42.47216  -61.42732    35.1790    35.1934    10.2423    10.2419    27.0499    27.0612     3.5811     3.5327         16 0.0000e+00
      14133    588.819    189.500    10.2599   3.859793    10.2589   3.861076      92.25 1.0180e-01     1.5854     1.6184     1.2109 6.0965e-02     -2.453 1.8829e-04 3.0830e+00   42.47216  -61.42732    35.1792    35.1933    10.2376    10.2365    27.0509    27.0621     3.5866     3.5368         10 0.0000e+00
      14142    589.214    190.000    10.2482   3.858680    10.2476   3.859983      89.55 1.0172e-01     1.5861     1.6179     1.1989 6.1050e-02     -2.453 2.1908e-04 3.0830e+00   42.47216  -61.42732    35.1790    35.1929    10.2258    10.2252    27.0528    27.0637     3.5825     3.5378          9 0.0000e+00
      14151    589.566    190.500    10.2336   3.857320    10.2333   3.858641      89.60 1.0180e-01     1.5867     1.6179     1.2061 6.1050e-02     -2.454 2.2249e-04 3.0830e+00   42.47216  -61.42732    35.1791    35.1928    10.2111    10.2108    27.0555    27.0662     3.5743     3.5379          8 0.0000e+00
      14158    589.892    191.000    10.2207   3.856199    10.2206   3.857544      90.26 1.0171e-01     1.5855     1.6173     1.2006 6.1050e-02     -2.453 2.2246e-04 3.0830e+00   42.47216  -61.42732    35.1799    35.1938    10.1982    10.1981    27.0583    27.0692     3.5625     3.5359          8 0.0000e+00
      14166    590.204    191.500    10.2112   3.855393    10.2110   3.856768      91.21 1.0180e-01     1.5841     1.6167     1.1932 6.2773e-02     -2.458 2.2674e-04 3.0830e+00   42.47216  -61.42732    35.1807    35.1950    10.1886    10.1884    27.0606    27.0718     3.5531     3.5335          7 0.0000e+00
      14173    590.514    192.000    10.2035   3.854867    10.2036   3.856282      91.20 1.0180e-01     1.5834     1.6162     1.1986 1.5206e-01     -2.463 2.3137e-04 3.0830e+00   42.47216  -61.42732    35.1827    35.1970    10.1809    10.1810    27.0635    27.0746     3.5468     3.5314          8 0.0000e+00
      14181    590.850    192.500    10.2022   3.855091    10.2017   3.856498      90.63 1.0180e-01     1.5828     1.6156     1.2105 8.9433e-02     -2.452 2.3007e-04 3.0827e+00   42.47218  -61.42732    35.1860    35.2007    10.1795    10.1790    27.0663    27.0779     3.5442     3.5288          8 0.0000e+00
      14192    591.289    193.000    10.2051   3.855754    10.2038   3.857005      89.24 1.0175e-01     1.5807     1.6148     1.2188 6.7402e-02     -2.454 2.3366e-04 3.0824e+00   42.47218  -61.42732    35.1897    35.2037    10.1824    10.1811    27.0687    27.0798     3.5346     3.5215         14 0.0000e+00
      14261    594.172    193.500    10.2067   3.856295    10.2053   3.857491      88.37 1.0168e-01     1.5735     1.6090     1.2058 6.2019e-02     -2.454 2.3020e-04 3.0837e+00   42.47217  -61.42733    35.1934    35.2070    10.1839    10.1825    27.0713    27.0822     3.5170     3.5054         14 0.0000e+00
      14336    597.289    194.000    10.2035   3.856180    10.2025   3.857496      85.78 1.0165e-01     1.5677     1.6031     1.2103 6.1011e-02     -2.457 2.2227e-04 3.0855e+00   42.47216  -61.42734    35.1951    35.2095    10.1806    10.1796    27.0732    27.0846     3.5063     3.4970          5 0.0000e+00
      14340    597.447    194.500    10.2028   3.856220    10.2018   3.857539      85.84 1.0156e-01     1.5677     1.6031     1.2202 1.0767e-01     -2.460 2.2246e-04 3.0855e+00   42.47216  -61.42734    35.1959    35.2103    10.1799    10.1789    27.0740    27.0854     3.5065     3.4958          6 0.0000e+00
      14345    597.675    195.000    10.2016   3.856185    10.2007   3.857516      85.85 1.0166e-01     1.5676     1.6027     1.1916 1.0498e-01     -2.456 2.2246e-04 3.0855e+00   42.47216  -61.42734    35.1965    35.2109    10.1786    10.1778    27.0747    27.0861     3.5072     3.4933          5 0.0000e+00
      14351    597.901    195.500    10.2002   3.856138    10.1994   3.857481      87.73 1.0162e-01     1.5667     1.6027     1.1979 6.8400e-02     -2.461 2.2246e-04 3.0855e+00   42.47216  -61.42734    35.1972    35.2117    10.1772    10.1763    27.0754    27.0869     3.5066     3.4922          6 0.0000e+00
      14356    598.130    196.000    10.2005   3.856272    10.1996   3.857620      90.48 1.0179e-01     1.5662     1.6022     1.1967 6.1573e-02     -2.460 2.2068e-04 3.0855e+00   42.47216  -61.42734    35.1980    35.2126    10.1774    10.1765    27.0760    27.0876     3.5055     3.4889          6 0.0000e+00
      14362    598.388    196.500    10.1996   3.856305    10.1990   3.857651      90.64 1.0180e-01     1.5661     1.6019     1.2060 6.1050e-02     -2.461 2.1872e-04 3.0855e+00   42.47216  -61.42734    35.1990    35.2133    10.1765    10.1759    27.0769    27.0882     3.5063     3.4861          6 0.0000e+00
      14370    598.704    197.000    10.1980   3.856259    10.1976   3.857627      90.64 1.0180e-01     1.5653     1.6011     1.1967 6.1050e-02     -2.450 2.1866e-04 3.0860e+00   42.47216  -61.42734    35.1999    35.2142    10.1748    10.1744    27.0779    27.0892     3.5039     3.4813          9 0.0000e+00
      14397    599.837    197.500    10.1924   3.855883    10.1931   3.857269      91.44 1.0180e-01     1.5640     1.5988     1.2035 6.1672e-02     -2.452 2.1750e-04 3.0882e+00   42.47216  -61.42735    35.2013    35.2147    10.1691    10.1698    27.0800    27.0904     3.4979     3.4713         19 0.0000e+00
      14531    605.433    198.000    10.1868   3.855451    10.1856   3.856761      89.49 1.0175e-01     1.5572     1.5903     1.1867 6.1046e-02     -2.459 2.0721e-04 3.1007e+00   42.47216  -61.42736    35.2021    35.2166    10.1635    10.1622    27.0816    27.0932     3.4873     3.4584          8 0.0000e+00
      14538    605.717    198.500    10.1892   3.855901    10.1889   3.857298      89.50 1.0180e-01     1.5569     1.5900     1.1847 6.1050e-02     -2.457 2.0727e-04 3.1017e+00   42.47216  -61.42736    35.2041    35.2186    10.1658    10.1655    27.0828    27.0942     3.4852     3.4566          7 0.0000e+00
      14546    606.024    199.000    10.1832   3.855392    10.1824   3.856693      90.64 1.0180e-01     1.5570     1.5896     1.1776 6.1050e-02     -2.460 2.1063e-04 3.1027e+00   42.47216  -61.42736    35.2045    35.2185    10.1598    10.1590    27.0842    27.0952     3.4863     3.4537          8 0.0000e+00
      14553    606.330    199.500    10.1737   3.854449    10.1718   3.855611      90.95 1.0180e-01     1.5564     1.5896     1.1981 6.1050e-02     -2.464 2.1859e-04 3.1038e+00   42.47216  -61.42736    35.2039    35.2175    10.1502    10.1483    27.0853    27.0963     3.4861     3.4537          7 0.0000e+00
      14560    606.628    200.000    10.1590   3.852903    10.1578   3.854124      90.96 1.0180e-01     1.5563     1.5884     1.2036 6.1050e-02     -2.462 2.1866e-04 3.1047e+00   42.47216  -61.42736    35.2021    35.2158    10.1355    10.1343    27.0865    27.0974     3.4868     3.4503          7 0.0000e+00
      14567    606.929    200.500    10.1425   3.851126    10.1423   3.852465      89.13 1.0171e-01     1.5562     1.5879     1.1980 6.1050e-02     -2.461 2.1866e-04 3.1056e+00   42.47216  -61.42736    35.1998    35.2137    10.1189    10.1187    27.0876    27.0985     3.4874     3.4507          8 0.0000e+00
      14575    607.256    201.000    10.1273   3.849462    10.1280   3.850899      87.55 1.0167e-01     1.5562     1.5878     1.2109 6.1050e-02     -2.462 2.4631e-04 3.1066e+00   42.47216  -61.42736    35.1973    35.2114    10.1038    10.1044    27.0883    27.0991     3.4872     3.4542          8 0.0000e+00
      14586    607.702    201.500    10.1099   3.847574    10.1102   3.848973      87.46 1.0177e-01     1.5554     1.5872     1.2006 6.1050e-02     -2.456 2.6324e-04 3.1083e+00   42.47217  -61.42737    35.1948    35.2087    10.0863    10.0866    27.0893    27.1001     3.4861     3.4606         14 0.0000e+00
      14643    610.092    202.000    10.0914   3.845562    10.0941   3.847383      88.41 1.0164e-01     1.5559     1.5884     1.2085 6.1050e-02     -2.454 2.2709e-04 3.1174e+00   42.47218  -61.42739    35.1920    35.2080    10.0677    10.0704    27.0903    27.1023     3.4988     3.4759         18 0.0000e+00
      14735    613.900    202.500    10.1004   3.846430    10.0865   3.846412      90.78 1.0180e-01     1.5590     1.5913     1.2021 6.1050e-02     -2.461 2.0190e-04 3.1314e+00   42.47218  -61.42740    35.1919    35.2053    10.0767    10.0628    27.0887    27.1015     3.5161     3.4895          8 0.0000e+00
      14738    614.036    203.000    10.1309   3.849453    10.0965   3.847450      89.85 1.0172e-01     1.5597     1.5916     1.2023 6.1050e-02     -2.455 2.1096e-04 3.1318e+00   42.47218  -61.42740    35.1929    35.2058    10.1071    10.0728    27.0842    27.1003     3.5163     3.4909          9 0.0000e+00
      14747    614.403    203.500    10.1174   3.847768    10.0840   3.845902      89.64 1.0179e-01     1.5599     1.5921     1.1913 6.1050e-02     -2.451 2.1838e-04 3.1323e+00   42.47218  -61.42740    35.1888    35.2020    10.0933    10.0602    27.0834    27.0994     3.5160     3.4945          9 0.0000e+00
      14758    614.864    204.000    10.0734   3.843479    10.0663   3.844155      89.50 1.0180e-01     1.5601     1.5927     1.2045 6.6550e-02     -2.458 2.1866e-04 3.1334e+00   42.47218  -61.42741    35.1873    35.2011    10.0496    10.0424    27.0898    27.1018     3.5184     3.5011         13 0.0000e+00
      14773    615.490    204.500    10.0573   3.841817    10.0560   3.843016      89.29 1.0180e-01     1.5602     1.5941     1.1989 6.5194e-02     -2.453 2.2208e-04 3.1356e+00   42.47218  -61.42742    35.1858    35.1993    10.0334    10.0321    27.0914    27.1022     3.5259     3.5066         18 0.0000e+00
      14800    616.609    205.000    10.0473   3.840693    10.0426   3.841615      91.76 1.0180e-01     1.5622     1.5958     1.2097 6.3172e-02     -2.454 4.6438e-04 3.1410e+00   42.47218  -61.42742    35.1837    35.1977    10.0234    10.0187    27.0915    27.1032     3.5346     3.5093         35 0.0000e+00
      14831    617.923    205.500    10.0227   3.837932    10.0211   3.839187      92.19 1.0180e-01     1.5634     1.5965     1.2009 6.1138e-02     -2.457 2.4461e-04 3.1467e+00   42.47218  -61.42742    35.1792    35.1936     9.9987     9.9972    27.0922    27.1037     3.5364     3.5028         30 0.0000e+00
      14884    620.142    206.000     9.9788   3.832925     9.9597   3.832294      89.08 1.0175e-01     1.5644     1.5972     1.1994 6.6491e-02     -2.460 2.2687e-04 3.1526e+00   42.47220  -61.42743    35.1704    35.1825     9.9549     9.9358    27.0929    27.1056     3.5429     3.5162         54 0.0000e+00
      14940    622.470    206.500     9.9115   3.825396     9.9026   3.825832      90.14 1.0178e-01     1.5665     1.5992     1.2029 6.1204e-02     -2.459 1.9992e-04 3.1561e+00   42.47220  -61.42744    35.1586    35.1718     9.8876     9.8787    27.0951    27.1069     3.5598     3.5328         24 0.0000e+00
      14957    623.147    207.000     9.9157   3.825915     9.9137   3.827173      90.16 1.0177e-01     1.5668     1.6003     1.2028 6.3341e-02     -2.458 1.9826e-04 3.1581e+00   42.47220  -61.42744    35.1596    35.1744     9.8918     9.8898    27.0952    27.1071     3.5535     3.5337         16 0.0000e+00
      14971    623.756    207.500     9.9177   3.826130     9.9168   3.827494      90.20 1.0174e-01     1.5666     1.6008     1.2003 6.1028e-02     -2.459 2.0353e-04 3.1599e+00   42.47220  -61.42744    35.1595    35.1745     9.8938     9.8927    27.0948    27.1067     3.5498     3.5292         13 0.0000e+00
      14984    624.294    208.000     9.9071   3.825052     9.9065   3.826391      90.39 1.0177e-01     1.5670     1.6009     1.2009 6.1050e-02     -2.460 2.0546e-04 3.1619e+00   42.47220  -61.42744    35.1586    35.1730     9.8831     9.8824    27.0959    27.1073     3.5503     3.5252         12 0.0000e+00
      14995    624.766    208.500     9.9009   3.824409     9.9007   3.825854      90.28 1.0180e-01     1.5662     1.5999     1.1836 6.1050e-02     -2.467 2.0734e-04 3.1631e+00   42.47219  -61.42744    35.1579    35.1729     9.8767     9.8766    27.0964    27.1081     3.5433     3.5202         11 0.0000e+00
