analysis/comparisonShipArgo/data/D880a025.CNV
* Sea-Bird SBE 9 Data File:
* FileName = C:\CTD_ACQUISITION\2024880TEL\ctddata\880a025.hdr
* Software Version Seasave V 7.26.7.121
* Temperature SN = 4807
* Conductivity SN = 4361
* Number of Bytes Per Scan = 40
* Number of Voltage Words = 5
* Number of Scans Averaged by the Deck Unit = 1
* NMEA Latitude = 42 28.30 N
* NMEA Longitude = 061 25.50 W
* NMEA UTC (Time) = Apr 12 2024 18:24:30
* NMEA baud rate = 4800
** Ship: CCGS TELEOST
** Cruise: TEL2024880
** Chief_Scientist: LINDSAY BEAZLEY
** Organization: BIO
** Area_of_Operation: SCOTIAN SHELF
** Cruise_Description: ATLANTIC ZONE MONITORING PROGRAM (AZMP)
** Station_Name: HL_07
** Event_Number:  025
** Sounding:  938
** Event_Comments: HL_07,503128
** sounding incorrect
# nquan = 28
# nvalues = 3000                        
# units = specified
# name 0 = scan: Scan Count
# name 1 = timeS: Time, Elapsed [seconds]
# name 2 = prDM: Pressure, Digiquartz [db]
# name 3 = t090C: Temperature [ITS-90, deg C]
# name 4 = c0S/m: Conductivity [S/m]
# name 5 = t190C: Temperature, 2 [ITS-90, deg C]
# name 6 = c1S/m: Conductivity, 2 [S/m]
# name 7 = altM: Altimeter [m]
# name 8 = par/log: PAR/Logarithmic, Satlantic [umol photons/m2/s]
# name 9 = sbeox0V: Oxygen raw, SBE 43 [V]
# name 10 = sbeox1V: Oxygen raw, SBE 43, 2 [V]
# name 11 = flSPuv0: Fluorescence, Seapoint Ultraviolet
# name 12 = flSP: Fluorescence, Seapoint
# name 13 = ph: pH
# name 14 = turbWETbb0: Turbidity, WET Labs ECO BB [m^-1/sr]
# name 15 = spar: SPAR/Surface Irradiance
# name 16 = latitude: Latitude [deg]
# name 17 = longitude: Longitude [deg]
# name 18 = sal00: Salinity, Practical [PSU]
# name 19 = sal11: Salinity, Practical, 2 [PSU]
# name 20 = potemp090C: Potential Temperature [ITS-90, deg C]
# name 21 = potemp190C: Potential Temperature, 2 [ITS-90, deg C]
# name 22 = sigma-é00: Density [sigma-theta, kg/m^3]
# name 23 = sigma-é11: Density, 2 [sigma-theta, kg/m^3]
# name 24 = sbeox0ML/L: Oxygen, SBE 43 [ml/l], WS = 2
# name 25 = sbeox1ML/L: Oxygen, SBE 43, 2 [ml/l], WS = 2
# name 26 = nbin: number of scans per bin
# name 27 = flag: flag
# span 0 =       3911,      48001       
# span 1 =    162.933,   1999.986       
# span 2 =      2.000,   1501.500       
# span 3 =     2.5390,    10.3884       
# span 4 =   2.923197,   3.871820       
# span 5 =     2.5388,    10.3878       
# span 6 =   2.924770,   3.873158       
# span 7 =       0.17,     100.43       
# span 8 = 1.0144e-01, 4.0506e+02       
# span 9 =     1.5554,     2.6342       
# span 10 =     1.5872,     2.6930      
# span 11 =     1.1335,     1.4591      
# span 12 = 4.3551e-02, 1.4589e+01      
# span 13 =     -2.721,     -2.442      
# span 14 = 1.6128e-04, 1.2807e-03      
# span 15 = 3.0269e+00, 3.3304e+00      
# span 16 =   42.47190,   42.47330      
# span 17 =  -61.43126,  -61.42561      
# span 18 =    32.3570,    35.2045      
# span 19 =    32.3772,    35.2186      
# span 20 =     2.5356,    10.3672      
# span 21 =     2.5353,    10.3662      
# span 22 =    25.7870,    27.7495      
# span 23 =    25.8034,    27.7632      
# span 24 =     3.4852,     8.5113      
# span 25 =     3.4503,     8.3456      
# span 26 =          1,         69      
# span 27 = 0.0000e+00, 0.0000e+00      
# interval = decibars: 0.5              
# start_time = Apr 12 2024 18:24:30 [NMEA time, header]
# bad_flag = -9.990e-29
*END*
[from data line 1191]
      24493   1020.513    597.500     5.1055   3.374300     5.1054   3.375760      86.98 1.0176e-01     1.8462     1.8891     1.1875 6.1050e-02     -2.627 2.0727e-04 3.2357e+00   42.47246  -61.42864    34.9097    34.9266     5.0566     5.0565    27.5971    27.6105     5.3475     5.2709          9 0.0000e+00
      24502   1020.890    598.000     5.1072   3.374530     5.1069   3.375963      88.20 1.0172e-01     1.8461     1.8890     1.1919 6.1050e-02     -2.628 2.0727e-04 3.2355e+00   42.47246  -61.42866    34.9103    34.9272     5.0582     5.0579    27.5974    27.6108     5.3413     5.2710          9 0.0000e+00
      24511   1021.245    598.500     5.1082   3.374696     5.1083   3.376152      90.58 1.0180e-01     1.8459     1.8892     1.1856 6.1050e-02     -2.621 2.0727e-04 3.2347e+00   42.47246  -61.42866    34.9109    34.9277     5.0592     5.0592    27.5978    27.6110     5.3403     5.2693          8 0.0000e+00
      24519   1021.589    599.000     5.1053   3.374462     5.1055   3.375933      90.47 1.0180e-01     1.8457     1.8891     1.2009 6.1050e-02     -2.627 2.0984e-04 3.2344e+00   42.47246  -61.42866    34.9110    34.9278     5.0562     5.0564    27.5982    27.6115     5.3397     5.2693          9 0.0000e+00
      24528   1021.954    599.500     5.1046   3.374449     5.1047   3.375921      90.40 1.0176e-01     1.8453     1.8883     1.1797 6.1050e-02     -2.629 2.1106e-04 3.2344e+00   42.47246  -61.42866    34.9113    34.9282     5.0555     5.0556    27.5985    27.6119     5.3398     5.2658          9 0.0000e+00
      24538   1022.367    600.000     5.1038   3.374396     5.1040   3.375880      90.37 1.0180e-01     1.8455     1.8887     1.1900 6.1050e-02     -2.627 2.1107e-04 3.2340e+00   42.47246  -61.42866    34.9113    34.9282     5.0547     5.0548    27.5986    27.6120     5.3498     5.2683         11 0.0000e+00
      24552   1022.945    600.500     5.1034   3.374382     5.1035   3.375871      90.32 1.0178e-01     1.8457     1.8884     1.1828 6.1050e-02     -2.625 1.9794e-04 3.2333e+00   42.47246  -61.42866    34.9113    34.9283     5.0543     5.0544    27.5986    27.6121     5.3524     5.2697         18 0.0000e+00
      24578   1024.041    601.000     5.1039   3.374476     5.1039   3.375947      91.17 1.0178e-01     1.8454     1.8883     1.1866 6.0680e-02     -2.621 2.5246e-04 3.2328e+00   42.47246  -61.42866    34.9116    34.9285     5.0547     5.0547    27.5988    27.6123     5.3433     5.2754         33 0.0000e+00
      24606   1025.208    601.500     5.1043   3.374548     5.1043   3.376017      91.06 1.0180e-01     1.8459     1.8888     1.1907 6.1071e-02     -2.622 2.3541e-04 3.2328e+00   42.47246  -61.42866    34.9118    34.9287     5.0550     5.0550    27.5990    27.6123     5.3598     5.2741         20 0.0000e+00
      24621   1025.847    602.000     5.1041   3.374564     5.1043   3.376036      90.55 1.0180e-01     1.8460     1.8883     1.1770 6.1050e-02     -2.622 2.2129e-04 3.2330e+00   42.47246  -61.42867    34.9119    34.9287     5.0548     5.0550    27.5991    27.6123     5.3520     5.2725         13 0.0000e+00
      24633   1026.340    602.500     5.1041   3.374590     5.1039   3.376043      89.99 1.0180e-01     1.8460     1.8889     1.1822 6.1050e-02     -2.624 2.1092e-04 3.2329e+00   42.47246  -61.42868    34.9120    34.9288     5.0547     5.0546    27.5991    27.6125     5.3485     5.2772         11 0.0000e+00
      24643   1026.761    603.000     5.1040   3.374609     5.1040   3.376068      90.07 1.0180e-01     1.8461     1.8884     1.1917 6.1050e-02     -2.623 2.1107e-04 3.2324e+00   42.47246  -61.42868    34.9120    34.9288     5.0547     5.0546    27.5991    27.6125     5.3467     5.2751         10 0.0000e+00
      24653   1027.153    603.500     5.1039   3.374622     5.1038   3.376078      90.74 1.0180e-01     1.8460     1.8885     1.1823 6.1050e-02     -2.626 2.0538e-04 3.2321e+00   42.47246  -61.42868    34.9120    34.9289     5.0545     5.0544    27.5992    27.6126     5.3474     5.2766          9 0.0000e+00
      24662   1027.522    604.000     5.1035   3.374620     5.1035   3.376075      90.74 1.0175e-01     1.8453     1.8887     1.1813 6.1050e-02     -2.625 1.9585e-04 3.2320e+00   42.47246  -61.42868    34.9121    34.9289     5.0541     5.0540    27.5993    27.6126     5.3487     5.2815          8 0.0000e+00
      24670   1027.876    604.500     5.1032   3.374629     5.1033   3.376082      90.63 1.0180e-01     1.8456     1.8890     1.1950 6.1050e-02     -2.629 1.9589e-04 3.2320e+00   42.47246  -61.42868    34.9123    34.9289     5.0537     5.0538    27.5995    27.6127     5.3517     5.2840          9 0.0000e+00
      24678   1028.221    605.000     5.1031   3.374632     5.1031   3.376093      90.41 1.0180e-01     1.8461     1.8890     1.1897 5.9560e-02     -2.631 1.9681e-04 3.2320e+00   42.47246  -61.42868    34.9123    34.9290     5.0535     5.0535    27.5995    27.6128     5.3530     5.2837          8 0.0000e+00
      24687   1028.563    605.500     5.1032   3.374668     5.1031   3.376120      90.39 1.0175e-01     1.8461     1.8890     1.1868 6.1055e-02     -2.629 1.9969e-04 3.2320e+00   42.47246  -61.42868    34.9123    34.9291     5.0536     5.0535    27.5995    27.6128     5.3494     5.2810          8 0.0000e+00
      24695   1028.903    606.000     5.1034   3.374706     5.1033   3.376162      90.48 1.0180e-01     1.8455     1.8893     1.1971 6.1050e-02     -2.630 1.9968e-04 3.2320e+00   42.47246  -61.42868    34.9122    34.9291     5.0538     5.0536    27.5994    27.6128     5.3435     5.2810          8 0.0000e+00
      24703   1029.244    606.500     5.1039   3.374776     5.1036   3.376222      90.59 1.0180e-01     1.8453     1.8890     1.2065 6.1050e-02     -2.622 2.0067e-04 3.2320e+00   42.47246  -61.42868    34.9123    34.9293     5.0542     5.0538    27.5995    27.6129     5.3448     5.2796          8 0.0000e+00
      24711   1029.588    607.000     5.1046   3.374886     5.1046   3.376366      90.59 1.0180e-01     1.8449     1.8893     1.2014 6.1050e-02     -2.626 1.9668e-04 3.2320e+00   42.47246  -61.42868    34.9125    34.9295     5.0549     5.0549    27.5995    27.6130     5.3454     5.2790          9 0.0000e+00
      24720   1029.951    607.500     5.1060   3.375069     5.1060   3.376551      90.32 1.0180e-01     1.8458     1.8891     1.1871 6.1050e-02     -2.627 1.9590e-04 3.2320e+00   42.47246  -61.42870    34.9129    34.9299     5.0563     5.0562    27.5997    27.6131     5.3501     5.2778          9 0.0000e+00
      24729   1030.344    608.000     5.1070   3.375209     5.1070   3.376684      90.10 1.0173e-01     1.8451     1.8891     1.1897 6.1050e-02     -2.621 1.9589e-04 3.2320e+00   42.47246  -61.42870    34.9132    34.9302     5.0572     5.0572    27.5998    27.6133     5.3405     5.2795         10 0.0000e+00
      24740   1030.785    608.500     5.1074   3.375280     5.1074   3.376745      89.51 1.0180e-01     1.8449     1.8889     1.1823 6.1050e-02     -2.625 2.4307e-04 3.2324e+00   42.47246  -61.42870    34.9134    34.9303     5.0575     5.0575    27.5999    27.6133     5.3349     5.2807         11 0.0000e+00
      24753   1031.327    609.000     5.1074   3.375311     5.1073   3.376773      86.91 1.0168e-01     1.8437     1.8892     1.1901 5.8636e-02     -2.625 2.4897e-04 3.2332e+00   42.47246  -61.42870    34.9135    34.9305     5.0574     5.0573    27.6000    27.6135     5.3430     5.2839         15 0.0000e+00
      24774   1032.200    609.500     5.1059   3.375213     5.1060   3.376689      90.71 1.0178e-01     1.8451     1.8896     1.1913 6.0916e-02     -2.621 2.0635e-04 3.2333e+00   42.47246  -61.42870    34.9137    34.9305     5.0559     5.0561    27.6003    27.6137     5.3681     5.2979         29 0.0000e+00
      24806   1033.562    610.000     5.1036   3.375051     5.1037   3.376527      89.06 1.0176e-01     1.8466     1.8919     1.1896 6.1050e-02     -2.621 1.8711e-04 3.2345e+00   42.47246  -61.42870    34.9140    34.9309     5.0536     5.0536    27.6009    27.6143     5.3789     5.3145         30 0.0000e+00
      24828   1034.475    610.500     5.1023   3.375037     5.1024   3.376510      90.67 1.0178e-01     1.8487     1.8931     1.1972 6.1050e-02     -2.621 1.8435e-04 3.2344e+00   42.47246  -61.42870    34.9149    34.9317     5.0522     5.0524    27.6018    27.6151     5.3784     5.3143         16 0.0000e+00
      24841   1035.016    611.000     5.1005   3.374988     5.1007   3.376447      90.23 1.0180e-01     1.8481     1.8939     1.1975 6.1050e-02     -2.625 1.8627e-04 3.2344e+00   42.47246  -61.42872    34.9159    34.9325     5.0505     5.0506    27.6027    27.6159     5.3631     5.3126         11 0.0000e+00
      24851   1035.437    611.500     5.1001   3.375018     5.1002   3.376482      90.03 1.0180e-01     1.8477     1.8944     1.1761 6.1050e-02     -2.627 1.9238e-04 3.2344e+00   42.47246  -61.42872    34.9164    34.9332     5.0500     5.0500    27.6032    27.6165     5.3680     5.3074          9 0.0000e+00
      24860   1035.798    612.000     5.1001   3.375050     5.1002   3.376516      89.84 1.0180e-01     1.8485     1.8939     1.1804 6.1050e-02     -2.630 1.9209e-04 3.2344e+00   42.47246  -61.42872    34.9165    34.9334     5.0500     5.0500    27.6033    27.6166     5.3819     5.3012          9 0.0000e+00
      24868   1036.126    612.500     5.1001   3.375084     5.1002   3.376544      88.36 1.0180e-01     1.8489     1.8940     1.1879 6.1050e-02     -2.627 1.9209e-04 3.2344e+00   42.47246  -61.42872    34.9167    34.9334     5.0499     5.0500    27.6035    27.6167     5.3829     5.3008          7 0.0000e+00
      24875   1036.433    613.000     5.0999   3.375112     5.1000   3.376578      88.37 1.0174e-01     1.8497     1.8938     1.1890 6.1050e-02     -2.626 1.9610e-04 3.2344e+00   42.47246  -61.42872    34.9169    34.9337     5.0497     5.0498    27.6037    27.6170     5.3794     5.2983          7 0.0000e+00
      24883   1036.730    613.500     5.0992   3.375124     5.0994   3.376593      88.37 1.0171e-01     1.8498     1.8938     1.1822 6.2582e-02     -2.629 1.9589e-04 3.2346e+00   42.47246  -61.42872    34.9177    34.9343     5.0489     5.0491    27.6043    27.6175     5.3738     5.3025          8 0.0000e+00
      24890   1037.029    614.000     5.0979   3.375105     5.0982   3.376572      89.95 1.0174e-01     1.8486     1.8941     1.1997 6.1114e-02     -2.626 1.9589e-04 3.2344e+00   42.47246  -61.42872    34.9185    34.9351     5.0476     5.0478    27.6051    27.6183     5.3650     5.3045          7 0.0000e+00
      24897   1037.337    614.500     5.0965   3.375029     5.0967   3.376488      90.27 1.0175e-01     1.8486     1.8934     1.1972 6.1050e-02     -2.625 2.0083e-04 3.2355e+00   42.47246  -61.42872    34.9188    34.9354     5.0462     5.0463    27.6055    27.6187     5.3641     5.3044          7 0.0000e+00
      24905   1037.671    615.000     5.0944   3.374880     5.0941   3.376301      90.27 1.0180e-01     1.8490     1.8939     1.1858 6.1050e-02     -2.629 2.1933e-04 3.2357e+00   42.47246  -61.42872    34.9190    34.9357     5.0440     5.0437    27.6060    27.6192     5.3745     5.3064          9 0.0000e+00
      24915   1038.066    615.500     5.0922   3.374728     5.0920   3.376150      89.67 1.0176e-01     1.8488     1.8942     1.1883 6.1050e-02     -2.624 2.1866e-04 3.2357e+00   42.47246  -61.42872    34.9193    34.9359     5.0418     5.0416    27.6064    27.6196     5.3817     5.3113         10 0.0000e+00
      24926   1038.559    616.000     5.0902   3.374580     5.0900   3.376009      89.53 1.0170e-01     1.8496     1.8940     1.1884 6.1050e-02     -2.623 2.0897e-04 3.2361e+00   42.47246  -61.42872    34.9194    34.9361     5.0398     5.0420    27.6068    27.6200     5.3851     5.3155         14 0.0000e+00
      24944   1039.287    616.500     5.0872   3.374349     5.0875   3.375832      93.73 1.0179e-01     1.8498     1.8949     1.1811 6.0514e-02     -2.621 1.9899e-04 3.2368e+00   42.47246  -61.42874    34.9196    34.9364     5.0367     5.0371    27.6073    27.6205     5.3874     5.3245         22 0.0000e+00
      24968   1040.273    617.000     5.0858   3.374238     5.0857   3.375708      91.18 1.0180e-01     1.8508     1.8960     1.1871 6.0541e-02     -2.623 1.8843e-04 3.2373e+00   42.47246  -61.42874    34.9196    34.9366     5.0353     5.0352    27.6074    27.6209     5.3838     5.3281         24 0.0000e+00
      24990   1041.189    617.500     5.0834   3.374058     5.0835   3.375537      91.10 1.0180e-01     1.8498     1.8965     1.1848 6.0404e-02     -2.623 1.9198e-04 3.2381e+00   42.47246  -61.42874    34.9199    34.9366     5.0327     5.0330    27.6080    27.6212     5.3694     5.3248         19 0.0000e+00
      25006   1041.870    618.000     5.0795   3.373778     5.0802   3.375274      89.09 1.0172e-01     1.8497     1.8971     1.1853 6.1065e-02     -2.623 1.9459e-04 3.2381e+00   42.47246  -61.42874    34.9203    34.9368     5.0289     5.0296    27.6088    27.6217     5.3818     5.3235         14 0.0000e+00
      25018   1042.377    618.500     5.0776   3.373633     5.0776   3.375099      85.35 1.0160e-01     1.8502     1.8971     1.1855 6.1050e-02     -2.627 1.9970e-04 3.2381e+00   42.47246  -61.42874    34.9203    34.9372     5.0270     5.0270    27.6090    27.6224     5.3843     5.3230         11 0.0000e+00
      25028   1042.789    619.000     5.0764   3.373553     5.0763   3.375018      85.95 1.0168e-01     1.8502     1.8967     1.1933 6.1050e-02     -2.625 2.0010e-04 3.2377e+00   42.47246  -61.42874    34.9205    34.9374     5.0257     5.0256    27.6093    27.6227     5.3816     5.3200          9 0.0000e+00
      25037   1043.158    619.500     5.0754   3.373499     5.0754   3.374967      91.24 1.0180e-01     1.8498     1.8972     1.1790 6.1050e-02     -2.628 2.0752e-04 3.2368e+00   42.47246  -61.42874    34.9206    34.9375     5.0247     5.0247    27.6095    27.6229     5.3779     5.3207          8 0.0000e+00
      25045   1043.493    620.000     5.0747   3.373469     5.0748   3.374936      91.02 1.0180e-01     1.8498     1.8970     1.1995 6.1050e-02     -2.627 2.1123e-04 3.2369e+00   42.47246  -61.42874    34.9207    34.9375     5.0240     5.0241    27.6096    27.6230     5.3814     5.3199          8 0.0000e+00
      25053   1043.813    620.500     5.0745   3.373472     5.0746   3.374943      90.57 1.0175e-01     1.8497     1.8966     1.1703 6.1050e-02     -2.628 2.1107e-04 3.2369e+00   42.47246  -61.42874    34.9207    34.9376     5.0238     5.0238    27.6097    27.6231     5.3835     5.3172          8 0.0000e+00
      25060   1044.132    621.000     5.0742   3.373469     5.0743   3.374934      87.21 1.0175e-01     1.8500     1.8966     1.1686 6.1050e-02     -2.624 2.0834e-04 3.2369e+00   42.47246  -61.42874    34.9207    34.9375     5.0234     5.0235    27.6097    27.6231     5.3836     5.3192          8 0.0000e+00
      25068   1044.471    621.500     5.0738   3.373450     5.0738   3.374921      87.12 1.0167e-01     1.8504     1.8966     1.1658 5.9560e-02     -2.627 1.9988e-04 3.2369e+00   42.47246  -61.42874    34.9207    34.9376     5.0229     5.0230    27.6098    27.6232     5.3829     5.3208          8 0.0000e+00
      25078   1044.855    622.000     5.0735   3.373449     5.0735   3.374917      87.99 1.0176e-01     1.8497     1.8969     1.1868 5.9829e-02     -2.625 2.0006e-04 3.2369e+00   42.47246  -61.42874    34.9207    34.9376     5.0226     5.0226    27.6098    27.6232     5.3771     5.3239         10 0.0000e+00
      25089   1045.341    622.500     5.0731   3.373425     5.0731   3.374891      89.92 1.0180e-01     1.8494     1.8965     1.1843 6.0169e-02     -2.623 1.9626e-04 3.2369e+00   42.47246  -61.42874    34.9206    34.9376     5.0222     5.0221    27.6098    27.6232     5.3794     5.3221         14 0.0000e+00
