analysis/comparisonShipArgo/data/D880a025.CNV
* Sea-Bird SBE 9 Data File:
* FileName = C:\CTD_ACQUISITION\2024880TEL\ctddata\880a025.hdr
* Software Version Seasave V 7.26.7.121
* Temperature SN = 4807
* Conductivity SN = 4361
* Number of Bytes Per Scan = 40
* Number of Voltage Words = 5
* Number of Scans Averaged by the Deck Unit = 1
* NMEA Latitude = 42 28.30 N
* NMEA Longitude = 061 25.50 W
* NMEA UTC (Time) = Apr 12 2024 18:24:30
* NMEA baud rate = 4800
** Ship: CCGS TELEOST
** Cruise: TEL2024880
** Chief_Scientist: LINDSAY BEAZLEY
** Organization: BIO
** Area_of_Operation: SCOTIAN SHELF
** Cruise_Description: ATLANTIC ZONE MONITORING PROGRAM (AZMP)
** Station_Name: HL_07
** Event_Number:  025
** Sounding:  938
** Event_Comments: HL_07,503128
** sounding incorrect
# nquan = 28
# nvalues = 3000                        
# units = specified
# name 0 = scan: Scan Count
# name 1 = timeS: Time, Elapsed [seconds]
# name 2 = prDM: Pressure, Digiquartz [db]
# name 3 = t090C: Temperature [ITS-90, deg C]
# name 4 = c0S/m: Conductivity [S/m]
# name 5 = t190C: Temperature, 2 [ITS-90, deg C]
# name 6 = c1S/m: Conductivity, 2 [S/m]
# name 7 = altM: Altimeter [m]
# name 8 = par/log: PAR/Logarithmic, Satlantic [umol photons/m2/s]
# name 9 = sbeox0V: Oxygen raw, SBE 43 [V]
# name 10 = sbeox1V: Oxygen raw, SBE 43, 2 [V]
# name 11 = flSPuv0: Fluorescence, Seapoint Ultraviolet
# name 12 = flSP: Fluorescence, Seapoint
# name 13 = ph: pH
# name 14 = turbWETbb0: Turbidity, WET Labs ECO BB [m^-1/sr]
# name 15 = spar: SPAR/Surface Irradiance
# name 16 = latitude: Latitude [deg]
# name 17 = longitude: Longitude [deg]
# name 18 = sal00: Salinity, Practical [PSU]
# name 19 = sal11: Salinity, Practical, 2 [PSU]
# name 20 = potemp090C: Potential Temperature [ITS-90, deg C]
# name 21 = potemp190C: Potential Temperature, 2 [ITS-90, deg C]
# name 22 = sigma-é00: Density [sigma-theta, kg/m^3]
# name 23 = sigma-é11: Density, 2 [sigma-theta, kg/m^3]
# name 24 = sbeox0ML/L: Oxygen, SBE 43 [ml/l], WS = 2
# name 25 = sbeox1ML/L: Oxygen, SBE 43, 2 [ml/l], WS = 2
# name 26 = nbin: number of scans per bin
# name 27 = flag: flag
# span 0 =       3911,      48001       
# span 1 =    162.933,   1999.986       
# span 2 =      2.000,   1501.500       
# span 3 =     2.5390,    10.3884       
# span 4 =   2.923197,   3.871820       
# span 5 =     2.5388,    10.3878       
# span 6 =   2.924770,   3.873158       
# span 7 =       0.17,     100.43       
# span 8 = 1.0144e-01, 4.0506e+02       
# span 9 =     1.5554,     2.6342       
# span 10 =     1.5872,     2.6930      
# span 11 =     1.1335,     1.4591      
# span 12 = 4.3551e-02, 1.4589e+01      
# span 13 =     -2.721,     -2.442      
# span 14 = 1.6128e-04, 1.2807e-03      
# span 15 = 3.0269e+00, 3.3304e+00      
# span 16 =   42.47190,   42.47330      
# span 17 =  -61.43126,  -61.42561      
# span 18 =    32.3570,    35.2045      
# span 19 =    32.3772,    35.2186      
# span 20 =     2.5356,    10.3672      
# span 21 =     2.5353,    10.3662      
# span 22 =    25.7870,    27.7495      
# span 23 =    25.8034,    27.7632      
# span 24 =     3.4852,     8.5113      
# span 25 =     3.4503,     8.3456      
# span 26 =          1,         69      
# span 27 = 0.0000e+00, 0.0000e+00      
# interval = decibars: 0.5              
# start_time = Apr 12 2024 18:24:30 [NMEA time, header]
# bad_flag = -9.990e-29
*END*
[from data line 2020]
      34718   1446.546   1012.000     4.3211   3.323976     4.3209   3.325417      90.24 1.0180e-01     1.8687     1.9190     1.1660 6.1050e-02     -2.654 1.8829e-04 3.2344e+00   42.47284  -61.42978    34.9356    34.9527     4.2412     4.2410    27.7094    27.7230     5.8612     5.7920          7 0.0000e+00
      34726   1446.854   1012.500     4.3210   3.324003     4.3209   3.325443      90.10 1.0180e-01     1.8688     1.9192     1.1529 6.1050e-02     -2.653 1.8829e-04 3.2355e+00   42.47284  -61.42978    34.9357    34.9527     4.2411     4.2409    27.7095    27.7230     5.8627     5.7940          8 0.0000e+00
      34733   1447.185   1013.000     4.3210   3.324019     4.3208   3.325467      89.64 1.0180e-01     1.8684     1.9189     1.1447 6.1050e-02     -2.653 1.8594e-04 3.2357e+00   42.47284  -61.42978    34.9357    34.9528     4.2410     4.2408    27.7095    27.7231     5.8623     5.7930          8 0.0000e+00
      34742   1447.541   1013.500     4.3208   3.324030     4.3208   3.325491      89.63 1.0180e-01     1.8685     1.9189     1.1730 6.1050e-02     -2.653 1.8450e-04 3.2357e+00   42.47284  -61.42978    34.9358    34.9529     4.2408     4.2407    27.7095    27.7232     5.8625     5.7936          9 0.0000e+00
      34751   1447.920   1014.000     4.3206   3.324044     4.3205   3.325492      89.84 1.0180e-01     1.8687     1.9189     1.1598 5.8311e-02     -2.655 1.8450e-04 3.2357e+00   42.47285  -61.42979    34.9359    34.9529     4.2406     4.2404    27.7097    27.7232     5.8599     5.7959          9 0.0000e+00
      34761   1448.318   1014.500     4.3204   3.324038     4.3202   3.325490      90.13 1.0176e-01     1.8686     1.9182     1.1656 5.9848e-02     -2.653 1.8450e-04 3.2357e+00   42.47286  -61.42980    34.9358    34.9529     4.2403     4.2401    27.7097    27.7233     5.8554     5.7938         10 0.0000e+00
      34771   1448.749   1015.000     4.3199   3.324017     4.3198   3.325469      90.26 1.0180e-01     1.8678     1.9185     1.1715 5.9940e-02     -2.653 1.8484e-04 3.2357e+00   42.47285  -61.42980    34.9358    34.9529     4.2398     4.2397    27.7097    27.7233     5.8497     5.7949         11 0.0000e+00
      34784   1449.311   1015.500     4.3192   3.323967     4.3192   3.325422      92.13 1.0176e-01     1.8675     1.9182     1.1651 6.1008e-02     -2.649 1.8473e-04 3.2357e+00   42.47284  -61.42980    34.9357    34.9527     4.2390     4.2390    27.7097    27.7232     5.8518     5.7881         17 0.0000e+00
      34838   1451.546   1016.000     4.3179   3.323859     4.3188   3.325392      88.63 1.0174e-01     1.8679     1.9167     1.1678 6.1050e-02     -2.648 1.7218e-04 3.2380e+00   42.47285  -61.42980    34.9356    34.9526     4.2377     4.2405    27.7097    27.7231     5.8622     5.7859         33 0.0000e+00
      34879   1453.249   1016.500     4.3159   3.323693     4.3164   3.325188      90.81 1.0180e-01     1.8681     1.9165     1.1728 6.1050e-02     -2.651 1.6565e-04 3.2408e+00   42.47284  -61.42980    34.9354    34.9524     4.2357     4.2361    27.7098    27.7233     5.8616     5.7935         13 0.0000e+00
      34889   1453.659   1017.000     4.3138   3.323510     4.3144   3.325015      90.87 1.0180e-01     1.8676     1.9166     1.1401 6.1050e-02     -2.652 1.6551e-04 3.2418e+00   42.47284  -61.42980    34.9354    34.9523     4.2335     4.2341    27.7100    27.7234     5.8629     5.7910          8 0.0000e+00
      34897   1453.988   1017.500     4.3125   3.323417     4.3127   3.324884      89.77 1.0180e-01     1.8676     1.9164     1.1589 6.1050e-02     -2.655 1.7379e-04 3.2418e+00   42.47284  -61.42980    34.9353    34.9523     4.2323     4.2324    27.7101    27.7236     5.8683     5.7888          8 0.0000e+00
      34904   1454.271   1018.000     4.3123   3.323425     4.3123   3.324881      89.06 1.0180e-01     1.8685     1.9158     1.1575 5.6974e-02     -2.652 1.7691e-04 3.2418e+00   42.47284  -61.42980    34.9354    34.9524     4.2320     4.2320    27.7102    27.7237     5.8747     5.7930          6 0.0000e+00
      34910   1454.524   1018.500     4.3122   3.323434     4.3121   3.324891      89.07 1.0174e-01     1.8685     1.9158     1.1488 6.1104e-02     -2.657 1.7755e-04 3.2418e+00   42.47284  -61.42980    34.9354    34.9524     4.2318     4.2317    27.7102    27.7238     5.8753     5.7935          6 0.0000e+00
      34915   1454.756   1019.000     4.3119   3.323427     4.3118   3.324877      89.06 1.0180e-01     1.8680     1.9157     1.1502 6.1050e-02     -2.654 1.7689e-04 3.2418e+00   42.47284  -61.42980    34.9353    34.9524     4.2314     4.2313    27.7102    27.7238     5.8709     5.7963          5 0.0000e+00
      34921   1454.980   1019.500     4.3115   3.323417     4.3114   3.324865      89.54 1.0174e-01     1.8683     1.9164     1.1722 6.1050e-02     -2.652 1.7754e-04 3.2418e+00   42.47284  -61.42980    34.9354    34.9524     4.2310     4.2309    27.7103    27.7238     5.8660     5.8021          6 0.0000e+00
      34926   1455.201   1020.000     4.3102   3.323320     4.3104   3.324786      89.78 1.0173e-01     1.8685     1.9169     1.1637 6.1050e-02     -2.657 1.8060e-04 3.2418e+00   42.47284  -61.42980    34.9354    34.9523     4.2297     4.2298    27.7104    27.7239     5.8615     5.8051          5 0.0000e+00
      34931   1455.412   1020.500     4.3089   3.323210     4.3091   3.324688      89.79 1.0180e-01     1.8680     1.9162     1.1447 6.1050e-02     -2.656 1.8070e-04 3.2418e+00   42.47284  -61.42980    34.9352    34.9523     4.2283     4.2285    27.7104    27.7240     5.8575     5.7985          5 0.0000e+00
      34936   1455.625   1021.000     4.3078   3.323122     4.3080   3.324598      89.80 1.0173e-01     1.8682     1.9164     1.1619 6.1050e-02     -2.655 1.8070e-04 3.2418e+00   42.47284  -61.42980    34.9350    34.9521     4.2272     4.2274    27.7104    27.7240     5.8576     5.7962          5 0.0000e+00
      34941   1455.832   1021.500     4.3069   3.323052     4.3070   3.324526      89.77 1.0180e-01     1.8675     1.9167     1.1677 6.1050e-02     -2.656 1.8146e-04 3.2418e+00   42.47284  -61.42982    34.9349    34.9520     4.2263     4.2264    27.7104    27.7240     5.8529     5.7913          5 0.0000e+00
      34946   1456.041   1022.000     4.3068   3.323062     4.3069   3.324537      88.93 1.0173e-01     1.8672     1.9164     1.1780 6.1050e-02     -2.661 1.8071e-04 3.2418e+00   42.47284  -61.42982    34.9349    34.9520     4.2261     4.2262    27.7104    27.7241     5.8504     5.7864          5 0.0000e+00
      34951   1456.252   1022.500     4.3070   3.323106     4.3071   3.324574      88.87 1.0180e-01     1.8675     1.9154     1.1751 6.1050e-02     -2.660 1.8376e-04 3.2418e+00   42.47284  -61.42982    34.9349    34.9520     4.2263     4.2264    27.7104    27.7240     5.8515     5.7817          5 0.0000e+00
      34956   1456.476   1023.000     4.3074   3.323176     4.3073   3.324633      88.87 1.0174e-01     1.8669     1.9160     1.1554 6.1050e-02     -2.656 1.8449e-04 3.2418e+00   42.47284  -61.42982    34.9351    34.9522     4.2267     4.2266    27.7105    27.7242     5.8519     5.7834          6 0.0000e+00
      34963   1456.731   1023.500     4.3080   3.323266     4.3079   3.324719      88.87 1.0179e-01     1.8668     1.9154     1.1671 6.1050e-02     -2.657 1.8450e-04 3.2418e+00   42.47285  -61.42982    34.9352    34.9523     4.2273     4.2349    27.7105    27.7242     5.8556     5.7822          7 0.0000e+00
      34978   1457.386   1024.000     4.3087   3.323350     4.3086   3.324802      89.02 1.0177e-01     1.8664     1.9152     1.1648 6.0286e-02     -2.651 1.8307e-04 3.2421e+00   42.47286  -61.42982    34.9353    34.9523     4.2278     4.2325    27.7106    27.7241     5.8585     5.7865         14 0.0000e+00
      35088   1461.938   1024.500     4.3090   3.323409     4.3090   3.324867      90.10 1.0180e-01     1.8670     1.9171     1.1526 6.1106e-02     -2.655 1.6440e-04 3.2469e+00   42.47285  -61.42982    34.9354    34.9524     4.2281     4.2279    27.7106    27.7241     5.8719     5.8110          7 0.0000e+00
      35088   1461.968   1025.000     4.3084   3.323375     4.3091   3.324889      89.34 1.0169e-01     1.8674     1.9155     1.1663 6.1050e-02     -2.658 1.8178e-04 3.2459e+00   42.47284  -61.42984    34.9353    34.9524     4.2275     4.2281    27.7106    27.7241     5.8756     5.8012          7 0.0000e+00
      35095   1462.247   1025.500     4.3081   3.323361     4.3090   3.324899      88.82 1.0180e-01     1.8673     1.9161     1.1700 6.1050e-02     -2.655 1.8447e-04 3.2454e+00   42.47284  -61.42984    34.9352    34.9523     4.2272     4.2280    27.7106    27.7241     5.8781     5.8001          7 0.0000e+00
      35102   1462.529   1026.000     4.3084   3.323404     4.3092   3.324945      88.81 1.0180e-01     1.8667     1.9161     1.1671 6.1050e-02     -2.659 1.8450e-04 3.2454e+00   42.47284  -61.42984    34.9352    34.9523     4.2274     4.2282    27.7105    27.7241     5.8763     5.7965          7 0.0000e+00
      35108   1462.799   1026.500     4.3092   3.323520     4.3094   3.325006      88.82 1.0174e-01     1.8673     1.9159     1.1626 5.9114e-02     -2.651 1.8450e-04 3.2454e+00   42.47285  -61.42984    34.9355    34.9526     4.2281     4.2283    27.7107    27.7243     5.8808     5.7991          6 0.0000e+00
      35114   1463.060   1027.000     4.3091   3.323550     4.3092   3.325026      89.81 1.0180e-01     1.8677     1.9161     1.1503 6.1027e-02     -2.659 1.9263e-04 3.2454e+00   42.47286  -61.42984    34.9356    34.9528     4.2280     4.2281    27.7108    27.7245     5.8817     5.7999          6 0.0000e+00
      35121   1463.322   1027.500     4.3086   3.323525     4.3085   3.324986      89.87 1.0180e-01     1.8682     1.9161     1.1426 6.1050e-02     -2.654 1.9600e-04 3.2454e+00   42.47286  -61.42984    34.9357    34.9528     4.2274     4.2273    27.7109    27.7246     5.8768     5.8023          6 0.0000e+00
      35127   1463.580   1028.000     4.3080   3.323499     4.3079   3.324941      89.88 1.0173e-01     1.8679     1.9154     1.1572 6.1050e-02     -2.659 1.9589e-04 3.2454e+00   42.47286  -61.42984    34.9357    34.9527     4.2269     4.2267    27.7110    27.7245     5.8661     5.8006          6 0.0000e+00
      35133   1463.835   1028.500     4.3068   3.323409     4.3066   3.324842      90.02 1.0175e-01     1.8682     1.9160     1.1670 6.1050e-02     -2.657 1.9589e-04 3.2454e+00   42.47284  -61.42984    34.9357    34.9526     4.2256     4.2254    27.7111    27.7246     5.8595     5.8034          7 0.0000e+00
      35139   1464.098   1029.000     4.3040   3.323183     4.3042   3.324628      91.19 1.0180e-01     1.8663     1.9161     1.1756 6.1050e-02     -2.655 1.9836e-04 3.2456e+00   42.47284  -61.42984    34.9357    34.9524     4.2228     4.2229    27.7114    27.7247     5.8516     5.8062          6 0.0000e+00
      35146   1464.367   1029.500     4.3020   3.323008     4.3017   3.324416      91.21 1.0180e-01     1.8665     1.9163     1.1824 6.1050e-02     -2.654 2.0332e-04 3.2466e+00   42.47284  -61.42984    34.9355    34.9523     4.2207     4.2205    27.7115    27.7248     5.8579     5.8058          7 0.0000e+00
      35152   1464.639   1030.000     4.3006   3.322879     4.3002   3.324291      91.21 1.0180e-01     1.8663     1.9157     1.1855 6.1050e-02     -2.658 2.0348e-04 3.2470e+00   42.47284  -61.42984    34.9352    34.9522     4.2193     4.2189    27.7114    27.7249     5.8648     5.8020          6 0.0000e+00
      35159   1464.928   1030.500     4.2997   3.322805     4.2995   3.324252      90.66 1.0180e-01     1.8667     1.9163     1.1607 6.1050e-02     -2.651 2.0348e-04 3.2479e+00   42.47286  -61.42986    34.9351    34.9521     4.2184     4.2182    27.7114    27.7250     5.8748     5.8020          7 0.0000e+00
      35167   1465.237   1031.000     4.2989   3.322743     4.2989   3.324206      89.85 1.0175e-01     1.8669     1.9155     1.1602 6.1050e-02     -2.656 1.9569e-04 3.2488e+00   42.47286  -61.42986    34.9349    34.9520     4.2175     4.2176    27.7114    27.7249     5.8760     5.7954          8 0.0000e+00
      35175   1465.590   1031.500     4.2984   3.322716     4.2983   3.324178      89.88 1.0176e-01     1.8669     1.9158     1.1682 6.1050e-02     -2.654 1.8043e-04 3.2491e+00   42.47286  -61.42986    34.9349    34.9520     4.2170     4.2169    27.7114    27.7250     5.8721     5.7982          9 0.0000e+00
      35185   1466.019   1032.000     4.2977   3.322668     4.2977   3.324135      90.02 1.0180e-01     1.8664     1.9154     1.1673 6.1050e-02     -2.653 1.8102e-04 3.2503e+00   42.47286  -61.42986    34.9348    34.9519     4.2163     4.2163    27.7114    27.7250     5.8630     5.7993         12 0.0000e+00
      35223   1467.594   1032.500     4.2977   3.322687     4.2979   3.324179      90.33 1.0178e-01     1.8662     1.9152     1.1557 6.1050e-02     -2.647 2.2050e-04 3.2511e+00   42.47286  -61.42987    34.9348    34.9520     4.2162     4.2164    27.7114    27.7251     5.8590     5.8006         19 0.0000e+00
      35333   1472.167   1033.000     4.2979   3.322748     4.2985   3.324240      93.04 1.0180e-01     1.8661     1.9153     1.1664 6.1050e-02     -2.657 1.7195e-04 3.2540e+00   42.47286  -61.42988    34.9350    34.9518     4.2164     4.2170    27.7115    27.7248     5.8694     5.8075          5 0.0000e+00
      35338   1472.354   1033.500     4.2967   3.322646     4.2968   3.324108      93.00 1.0180e-01     1.8661     1.9151     1.1734 6.1050e-02     -2.659 1.7311e-04 3.2540e+00   42.47286  -61.42988    34.9349    34.9518     4.2151     4.2152    27.7116    27.7250     5.8649     5.8056          6 0.0000e+00
      35343   1472.570   1034.000     4.2963   3.322627     4.2962   3.324069      92.99 1.0180e-01     1.8656     1.9155     1.1501 6.1050e-02     -2.659 1.7311e-04 3.2540e+00   42.47286  -61.42988    34.9348    34.9518     4.2147     4.2146    27.7116    27.7251     5.8605     5.8053          5 0.0000e+00
      35348   1472.781   1034.500     4.2960   3.322626     4.2958   3.324062      92.99 1.0180e-01     1.8656     1.9153     1.1515 5.8732e-02     -2.656 1.7311e-04 3.2540e+00   42.47286  -61.42989    34.9348    34.9518     4.2144     4.2142    27.7116    27.7252     5.8607     5.8041          5 0.0000e+00
      35353   1472.989   1035.000     4.2958   3.322623     4.2956   3.324069      91.21 1.0180e-01     1.8654     1.9151     1.1628 6.0924e-02     -2.654 1.7311e-04 3.2547e+00   42.47286  -61.42990    34.9348    34.9519     4.2141     4.2139    27.7116    27.7252     5.8614     5.8001          5 0.0000e+00
      35358   1473.198   1035.500     4.2954   3.322608     4.2953   3.324066      90.55 1.0180e-01     1.8651     1.9146     1.1690 6.1050e-02     -2.655 1.7890e-04 3.2552e+00   42.47286  -61.42990    34.9348    34.9519     4.2136     4.2135    27.7117    27.7253     5.8633     5.7958          5 0.0000e+00
      35363   1473.404   1036.000     4.2950   3.322595     4.2949   3.324054      90.52 1.0180e-01     1.8651     1.9150     1.1555 5.8760e-02     -2.656 1.8844e-04 3.2552e+00   42.47286  -61.42990    34.9348    34.9519     4.2132     4.2131    27.7117    27.7254     5.8645     5.7941          5 0.0000e+00
      35368   1473.606   1036.500     4.2944   3.322562     4.2944   3.324023      90.52 1.0180e-01     1.8651     1.9148     1.1599 6.0833e-02     -2.656 1.8836e-04 3.2552e+00   42.47286  -61.42990    34.9348    34.9519     4.2126     4.2125    27.7118    27.7254     5.8652     5.7944          5 0.0000e+00
      35373   1473.820   1037.000     4.2932   3.322477     4.2932   3.323937      90.52 1.0180e-01     1.8651     1.9146     1.1728 6.1050e-02     -2.660 1.8829e-04 3.2552e+00   42.47287  -61.42990    34.9348    34.9518     4.2114     4.2114    27.7119    27.7255     5.8658     5.7949          5 0.0000e+00
