analysis/comparisonShipArgo/data/D880a025.CNV
* Sea-Bird SBE 9 Data File:
* FileName = C:\CTD_ACQUISITION\2024880TEL\ctddata\880a025.hdr
* Software Version Seasave V 7.26.7.121
* Temperature SN = 4807
* Conductivity SN = 4361
* Number of Bytes Per Scan = 40
* Number of Voltage Words = 5
* Number of Scans Averaged by the Deck Unit = 1
* NMEA Latitude = 42 28.30 N
* NMEA Longitude = 061 25.50 W
* NMEA UTC (Time) = Apr 12 2024 18:24:30
* NMEA baud rate = 4800
** Ship: CCGS TELEOST
** Cruise: TEL2024880
** Chief_Scientist: LINDSAY BEAZLEY
** Organization: BIO
** Area_of_Operation: SCOTIAN SHELF
** Cruise_Description: ATLANTIC ZONE MONITORING PROGRAM (AZMP)
** Station_Name: HL_07
** Event_Number:  025
** Sounding:  938
** Event_Comments: HL_07,503128
** sounding incorrect
# nquan = 28
# nvalues = 3000                        
# units = specified
# name 0 = scan: Scan Count
# name 1 = timeS: Time, Elapsed [seconds]
# name 2 = prDM: Pressure, Digiquartz [db]
# name 3 = t090C: Temperature [ITS-90, deg C]
# name 4 = c0S/m: Conductivity [S/m]
# name 5 = t190C: Temperature, 2 [ITS-90, deg C]
# name 6 = c1S/m: Conductivity, 2 [S/m]
# name 7 = altM: Altimeter [m]
# name 8 = par/log: PAR/Logarithmic, Satlantic [umol photons/m2/s]
# name 9 = sbeox0V: Oxygen raw, SBE 43 [V]
# name 10 = sbeox1V: Oxygen raw, SBE 43, 2 [V]
# name 11 = flSPuv0: Fluorescence, Seapoint Ultraviolet
# name 12 = flSP: Fluorescence, Seapoint
# name 13 = ph: pH
# name 14 = turbWETbb0: Turbidity, WET Labs ECO BB [m^-1/sr]
# name 15 = spar: SPAR/Surface Irradiance
# name 16 = latitude: Latitude [deg]
# name 17 = longitude: Longitude [deg]
# name 18 = sal00: Salinity, Practical [PSU]
# name 19 = sal11: Salinity, Practical, 2 [PSU]
# name 20 = potemp090C: Potential Temperature [ITS-90, deg C]
# name 21 = potemp190C: Potential Temperature, 2 [ITS-90, deg C]
# name 22 = sigma-é00: Density [sigma-theta, kg/m^3]
# name 23 = sigma-é11: Density, 2 [sigma-theta, kg/m^3]
# name 24 = sbeox0ML/L: Oxygen, SBE 43 [ml/l], WS = 2
# name 25 = sbeox1ML/L: Oxygen, SBE 43, 2 [ml/l], WS = 2
# name 26 = nbin: number of scans per bin
# name 27 = flag: flag
# span 0 =       3911,      48001       
# span 1 =    162.933,   1999.986       
# span 2 =      2.000,   1501.500       
# span 3 =     2.5390,    10.3884       
# span 4 =   2.923197,   3.871820       
# span 5 =     2.5388,    10.3878       
# span 6 =   2.924770,   3.873158       
# span 7 =       0.17,     100.43       
# span 8 = 1.0144e-01, 4.0506e+02       
# span 9 =     1.5554,     2.6342       
# span 10 =     1.5872,     2.6930      
# span 11 =     1.1335,     1.4591      
# span 12 = 4.3551e-02, 1.4589e+01      
# span 13 =     -2.721,     -2.442      
# span 14 = 1.6128e-04, 1.2807e-03      
# span 15 = 3.0269e+00, 3.3304e+00      
# span 16 =   42.47190,   42.47330      
# span 17 =  -61.43126,  -61.42561      
# span 18 =    32.3570,    35.2045      
# span 19 =    32.3772,    35.2186      
# span 20 =     2.5356,    10.3672      
# span 21 =     2.5353,    10.3662      
# span 22 =    25.7870,    27.7495      
# span 23 =    25.8034,    27.7632      
# span 24 =     3.4852,     8.5113      
# span 25 =     3.4503,     8.3456      
# span 26 =          1,         69      
# span 27 = 0.0000e+00, 0.0000e+00      
# interval = decibars: 0.5              
# start_time = Apr 12 2024 18:24:30 [NMEA time, header]
# bad_flag = -9.990e-29
*END*
[from data line 1968]
      34078   1419.882    986.000     4.3449   3.325099     4.3447   3.326536      87.33 1.0170e-01     1.8709     1.9221     1.1608 6.1070e-02     -2.647 1.8074e-04 3.2320e+00   42.47284  -61.42970    34.9369    34.9539     4.2671     4.2669    27.7076    27.7211     5.8418     5.7911         15 0.0000e+00
      34093   1420.487    986.500     4.3445   3.325092     4.3448   3.326567      83.14 1.0152e-01     1.8704     1.9221     1.1638 6.1050e-02     -2.647 1.8482e-04 3.2308e+00   42.47284  -61.42970    34.9370    34.9538     4.2666     4.2670    27.7077    27.7211     5.8434     5.7847         14 0.0000e+00
      34106   1421.027    987.000     4.3446   3.325120     4.3453   3.326631      87.97 1.0168e-01     1.8707     1.9214     1.1574 6.1050e-02     -2.646 1.8258e-04 3.2308e+00   42.47284  -61.42972    34.9369    34.9538     4.2667     4.2674    27.7076    27.7210     5.8519     5.7795         12 0.0000e+00
      34117   1421.484    987.500     4.3454   3.325209     4.3454   3.326677      90.44 1.0180e-01     1.8705     1.9218     1.1619 6.1050e-02     -2.650 1.8068e-04 3.2300e+00   42.47284  -61.42972    34.9369    34.9540     4.2674     4.2674    27.7076    27.7212     5.8560     5.7834         10 0.0000e+00
      34126   1421.872    988.000     4.3458   3.325271     4.3455   3.326714      89.09 1.0180e-01     1.8709     1.9212     1.1624 6.1050e-02     -2.652 1.8070e-04 3.2296e+00   42.47284  -61.42972    34.9370    34.9541     4.2678     4.2675    27.7076    27.7212     5.8520     5.7809          9 0.0000e+00
      34134   1422.216    988.500     4.3456   3.325289     4.3455   3.326729      86.26 1.0167e-01     1.8710     1.9209     1.1709 5.9579e-02     -2.656 1.8619e-04 3.2291e+00   42.47284  -61.42972    34.9370    34.9540     4.2676     4.2674    27.7077    27.7212     5.8461     5.7749          8 0.0000e+00
      34142   1422.528    989.000     4.3459   3.325341     4.3457   3.326777      86.16 1.0169e-01     1.8708     1.9210     1.1521 6.0983e-02     -2.654 1.8821e-04 3.2284e+00   42.47284  -61.42972    34.9371    34.9541     4.2678     4.2676    27.7077    27.7212     5.8407     5.7730          7 0.0000e+00
      34149   1422.820    989.500     4.3460   3.325375     4.3458   3.326802      86.80 1.0170e-01     1.8705     1.9208     1.1682 6.1050e-02     -2.657 1.8829e-04 3.2283e+00   42.47284  -61.42972    34.9371    34.9541     4.2679     4.2676    27.7077    27.7212     5.8330     5.7719          7 0.0000e+00
      34156   1423.107    990.000     4.3458   3.325369     4.3455   3.326798      92.54 1.0180e-01     1.8696     1.9202     1.1512 6.1050e-02     -2.650 1.8829e-04 3.2283e+00   42.47284  -61.42972    34.9371    34.9541     4.2676     4.2673    27.7077    27.7212     5.8267     5.7685          6 0.0000e+00
      34162   1423.394    990.500     4.3455   3.325368     4.3453   3.326809      92.44 1.0180e-01     1.8698     1.9199     1.1624 6.1050e-02     -2.656 1.8191e-04 3.2283e+00   42.47284  -61.42972    34.9371    34.9542     4.2673     4.2671    27.7077    27.7213     5.8308     5.7655          7 0.0000e+00
      34170   1423.700    991.000     4.3455   3.325400     4.3453   3.326843      92.44 1.0180e-01     1.8691     1.9195     1.1564 6.1050e-02     -2.650 1.8113e-04 3.2283e+00   42.47284  -61.42972    34.9372    34.9543     4.2673     4.2671    27.7079    27.7214     5.8348     5.7667          8 0.0000e+00
      34179   1424.074    991.500     4.3456   3.325437     4.3454   3.326882      88.96 1.0173e-01     1.8691     1.9193     1.1503 6.1050e-02     -2.650 1.8105e-04 3.2293e+00   42.47284  -61.42972    34.9373    34.9544     4.2673     4.2671    27.7079    27.7215     5.8419     5.7681         11 0.0000e+00
      34214   1425.559    992.000     4.3455   3.325443     4.3455   3.326896      88.07 1.0172e-01     1.8693     1.9192     1.1676 6.1050e-02     -2.651 1.8333e-04 3.2299e+00   42.47284  -61.42972    34.9372    34.9542     4.2672     4.2671    27.7078    27.7214     5.8507     5.7784         18 0.0000e+00
      34278   1428.204    992.500     4.3460   3.325517     4.3460   3.326971      92.65 1.0180e-01     1.8693     1.9206     1.1610 5.9490e-02     -2.652 1.7677e-04 3.2300e+00   42.47286  -61.42972    34.9373    34.9543     4.2676     4.2675    27.7079    27.7214     5.8479     5.7926          8 0.0000e+00
      34284   1428.468    993.000     4.3470   3.325639     4.3464   3.327049      92.52 1.0174e-01     1.8696     1.9205     1.1606 6.1096e-02     -2.655 1.7691e-04 3.2295e+00   42.47286  -61.42972    34.9375    34.9545     4.2685     4.2680    27.7079    27.7215     5.8477     5.7901          7 0.0000e+00
      34291   1428.733    993.500     4.3478   3.325748     4.3473   3.327156      92.53 1.0180e-01     1.8698     1.9204     1.1686 6.1050e-02     -2.651 1.7691e-04 3.2291e+00   42.47286  -61.42972    34.9377    34.9546     4.2693     4.2688    27.7080    27.7215     5.8465     5.7901          6 0.0000e+00
      34296   1428.978    994.000     4.3484   3.325841     4.3481   3.327268      91.75 1.0180e-01     1.8694     1.9204     1.1661 6.1050e-02     -2.651 1.7691e-04 3.2283e+00   42.47286  -61.42972    34.9378    34.9548     4.2699     4.2696    27.7080    27.7216     5.8427     5.7882          6 0.0000e+00
      34302   1429.208    994.500     4.3489   3.325915     4.3485   3.327326      91.29 1.0180e-01     1.8688     1.9200     1.1560 6.1050e-02     -2.657 1.7691e-04 3.2283e+00   42.47286  -61.42972    34.9379    34.9548     4.2703     4.2699    27.7081    27.7216     5.8415     5.7883          5 0.0000e+00
      34307   1429.434    995.000     4.3492   3.325971     4.3485   3.327363      91.29 1.0180e-01     1.8694     1.9206     1.1587 6.1050e-02     -2.659 1.7691e-04 3.2271e+00   42.47286  -61.42972    34.9380    34.9550     4.2706     4.2699    27.7081    27.7217     5.8475     5.7936          6 0.0000e+00
      34313   1429.652    995.500     4.3488   3.325958     4.3484   3.327378      91.28 1.0180e-01     1.8686     1.9205     1.1796 6.1050e-02     -2.658 1.7691e-04 3.2271e+00   42.47286  -61.42972    34.9380    34.9551     4.2701     4.2697    27.7082    27.7218     5.8491     5.7936          5 0.0000e+00
      34318   1429.866    996.000     4.3472   3.325833     4.3468   3.327245      91.12 1.0180e-01     1.8688     1.9205     1.1571 6.1050e-02     -2.663 1.7691e-04 3.2266e+00   42.47286  -61.42974    34.9380    34.9549     4.2685     4.2681    27.7083    27.7218     5.8552     5.7921          5 0.0000e+00
      34323   1430.083    996.500     4.3442   3.325583     4.3436   3.326947      90.12 1.0180e-01     1.8698     1.9207     1.1677 6.1050e-02     -2.654 1.8069e-04 3.2259e+00   42.47286  -61.42974    34.9379    34.9546     4.2655     4.2648    27.7086    27.7219     5.8623     5.7903          5 0.0000e+00
      34328   1430.302    997.000     4.3396   3.325167     4.3403   3.326658      90.14 1.0180e-01     1.8696     1.9210     1.1570 6.1050e-02     -2.656 1.8548e-04 3.2259e+00   42.47286  -61.42974    34.9377    34.9544     4.2609     4.2615    27.7089    27.7221     5.8624     5.7884          5 0.0000e+00
      34334   1430.530    997.500     4.3368   3.324919     4.3371   3.326390      90.13 1.0180e-01     1.8698     1.9206     1.1778 5.6824e-02     -2.657 1.8513e-04 3.2259e+00   42.47286  -61.42974    34.9374    34.9542     4.2581     4.2683    27.7090    27.7223     5.8630     5.7863          6 0.0000e+00
      34340   1430.772    998.000     4.3363   3.324871     4.3362   3.326320      90.14 1.0180e-01     1.8698     1.9202     1.1635 6.1073e-02     -2.656 1.8513e-04 3.2259e+00   42.47287  -61.42974    34.9372    34.9542     4.2575     4.2574    27.7089    27.7224     5.8584     5.7817          6 0.0000e+00
      34346   1431.040    998.500     4.3361   3.324860     4.3361   3.326319      91.52 1.0180e-01     1.8698     1.9198     1.1482 6.1050e-02     -2.656 1.8612e-04 3.2259e+00   42.47288  -61.42974    34.9370    34.9540     4.2573     4.2573    27.7087    27.7223     5.8489     5.7771          7 0.0000e+00
      34354   1431.358    999.000     4.3355   3.324817     4.3359   3.326308      91.79 1.0180e-01     1.8697     1.9200     1.1601 6.1050e-02     -2.651 1.8138e-04 3.2259e+00   42.47288  -61.42974    34.9368    34.9539     4.2567     4.2570    27.7087    27.7222     5.8436     5.7780          9 0.0000e+00
      34375   1432.231    999.500     4.3359   3.324868     4.3366   3.326404      91.19 1.0180e-01     1.8690     1.9194     1.1616 6.1050e-02     -2.646 1.7957e-04 3.2273e+00   42.47288  -61.42974    34.9368    34.9540     4.2570     4.2576    27.7086    27.7223     5.8436     5.7806         21 0.0000e+00
      34462   1435.888   1000.000     4.3361   3.324897     4.3365   3.326403      91.03 1.0176e-01     1.8699     1.9203     1.1669 6.1050e-02     -2.650 1.7170e-04 3.2296e+00   42.47286  -61.42976    34.9367    34.9539     4.2571     4.2575    27.7085    27.7221     5.8644     5.7984         11 0.0000e+00
      34472   1436.274   1000.500     4.3345   3.324769     4.3353   3.326304      90.98 1.0180e-01     1.8700     1.9206     1.1500 6.1050e-02     -2.649 1.7312e-04 3.2286e+00   42.47286  -61.42976    34.9366    34.9537     4.2555     4.2563    27.7087    27.7221     5.8595     5.7940          8 0.0000e+00
      34479   1436.603   1001.000     4.3329   3.324635     4.3334   3.326145      90.99 1.0180e-01     1.8699     1.9205     1.1784 6.1050e-02     -2.651 1.7311e-04 3.2283e+00   42.47286  -61.42976    34.9365    34.9536     4.2538     4.2543    27.7087    27.7223     5.8522     5.7914          8 0.0000e+00
      34486   1436.892   1001.500     4.3316   3.324540     4.3321   3.326040      91.42 1.0180e-01     1.8694     1.9200     1.1722 6.1050e-02     -2.656 1.8311e-04 3.2277e+00   42.47286  -61.42976    34.9364    34.9535     4.2525     4.2530    27.7088    27.7223     5.8465     5.7859          6 0.0000e+00
      34493   1437.163   1002.000     4.3308   3.324479     4.3313   3.325984      92.49 1.0180e-01     1.8695     1.9199     1.1691 6.1050e-02     -2.654 1.9572e-04 3.2271e+00   42.47286  -61.42976    34.9363    34.9534     4.2517     4.2522    27.7088    27.7223     5.8455     5.7836          7 0.0000e+00
      34499   1437.421   1002.500     4.3306   3.324477     4.3308   3.325945      92.48 1.0180e-01     1.8693     1.9198     1.1582 6.1050e-02     -2.650 1.9589e-04 3.2271e+00   42.47286  -61.42976    34.9363    34.9533     4.2515     4.2516    27.7088    27.7223     5.8462     5.7872          6 0.0000e+00
      34505   1437.670   1003.000     4.3304   3.324467     4.3303   3.325927      92.49 1.0180e-01     1.8689     1.9198     1.1575 6.1050e-02     -2.653 1.9589e-04 3.2271e+00   42.47285  -61.42976    34.9362    34.9532     4.2512     4.2511    27.7087    27.7223     5.8464     5.7904          6 0.0000e+00
      34511   1437.913   1003.500     4.3291   3.324364     4.3292   3.325829      91.13 1.0180e-01     1.8686     1.9191     1.1662 6.1050e-02     -2.656 1.9589e-04 3.2271e+00   42.47284  -61.42976    34.9360    34.9530     4.2499     4.2500    27.7088    27.7223     5.8487     5.7872          5 0.0000e+00
      34517   1438.155   1004.000     4.3267   3.324159     4.3270   3.325630      88.59 1.0180e-01     1.8688     1.9199     1.1622 6.1050e-02     -2.656 1.8863e-04 3.2275e+00   42.47284  -61.42976    34.9359    34.9528     4.2475     4.2477    27.7089    27.7224     5.8509     5.7907          6 0.0000e+00
      34523   1438.397   1004.500     4.3246   3.323977     4.3249   3.325447      88.73 1.0162e-01     1.8686     1.9196     1.1698 6.1050e-02     -2.655 1.8829e-04 3.2283e+00   42.47284  -61.42976    34.9357    34.9526     4.2454     4.2456    27.7090    27.7224     5.8538     5.7897          6 0.0000e+00
      34528   1438.642   1005.000     4.3232   3.323856     4.3233   3.325316      88.72 1.0168e-01     1.8686     1.9194     1.1697 6.1050e-02     -2.655 1.8829e-04 3.2283e+00   42.47284  -61.42976    34.9355    34.9525     4.2439     4.2439    27.7090    27.7225     5.8565     5.7907          6 0.0000e+00
      34534   1438.893   1005.500     4.3222   3.323771     4.3222   3.325236      88.67 1.0180e-01     1.8686     1.9190     1.1588 6.1050e-02     -2.652 1.8829e-04 3.2291e+00   42.47284  -61.42976    34.9353    34.9524     4.2428     4.2429    27.7090    27.7226     5.8573     5.7891          6 0.0000e+00
      34541   1439.158   1006.000     4.3212   3.323706     4.3212   3.325167      88.55 1.0170e-01     1.8686     1.9190     1.1808 6.1050e-02     -2.654 1.8672e-04 3.2295e+00   42.47284  -61.42976    34.9354    34.9524     4.2418     4.2418    27.7091    27.7227     5.8566     5.7882          7 0.0000e+00
      34548   1439.449   1006.500     4.3206   3.323681     4.3205   3.325135      88.54 1.0170e-01     1.8686     1.9192     1.1694 6.1050e-02     -2.648 1.8456e-04 3.2295e+00   42.47284  -61.42976    34.9354    34.9525     4.2412     4.2411    27.7092    27.7228     5.8580     5.7889          7 0.0000e+00
      34557   1439.819   1007.000     4.3204   3.323676     4.3202   3.325128      88.90 1.0176e-01     1.8684     1.9188     1.1618 5.9981e-02     -2.645 1.8516e-04 3.2306e+00   42.47284  -61.42976    34.9353    34.9525     4.2410     4.2408    27.7092    27.7229     5.8542     5.7920         11 0.0000e+00
      34597   1441.509   1007.500     4.3215   3.323792     4.3210   3.325208      90.30 1.0176e-01     1.8685     1.9184     1.1600 6.1143e-02     -2.651 1.8177e-04 3.2308e+00   42.47284  -61.42977    34.9353    34.9524     4.2420     4.2414    27.7090    27.7227     5.8579     5.7950         20 0.0000e+00
      34660   1444.117   1008.000     4.3214   3.323811     4.3217   3.325298      88.27 1.0173e-01     1.8690     1.9187     1.1501 6.1050e-02     -2.653 1.6544e-04 3.2320e+00   42.47284  -61.42978    34.9353    34.9524     4.2419     4.2422    27.7091    27.7226     5.8733     5.8075         10 0.0000e+00
      34668   1444.469   1008.500     4.3205   3.323759     4.3217   3.325316      88.00 1.0179e-01     1.8699     1.9185     1.1484 6.1050e-02     -2.653 1.6552e-04 3.2320e+00   42.47284  -61.42978    34.9354    34.9524     4.2410     4.2421    27.7093    27.7227     5.8661     5.8097          8 0.0000e+00
      34676   1444.783   1009.000     4.3205   3.323784     4.3208   3.325263      88.02 1.0175e-01     1.8695     1.9195     1.1664 6.1050e-02     -2.655 1.6816e-04 3.2320e+00   42.47285  -61.42978    34.9355    34.9525     4.2409     4.2411    27.7093    27.7228     5.8597     5.8150          7 0.0000e+00
      34683   1445.077   1009.500     4.3207   3.323823     4.3206   3.325270      90.35 1.0180e-01     1.8685     1.9192     1.1854 5.9343e-02     -2.654 1.7301e-04 3.2322e+00   42.47286  -61.42978    34.9355    34.9525     4.2410     4.2409    27.7093    27.7229     5.8526     5.8094          7 0.0000e+00
      34690   1445.370   1010.000     4.3207   3.323856     4.3206   3.325299      90.49 1.0180e-01     1.8685     1.9199     1.1539 6.1018e-02     -2.654 1.7311e-04 3.2332e+00   42.47286  -61.42978    34.9356    34.9526     4.2410     4.2409    27.7094    27.7229     5.8524     5.8094          7 0.0000e+00
      34697   1445.661   1010.500     4.3208   3.323887     4.3206   3.325327      90.50 1.0175e-01     1.8687     1.9197     1.1605 5.4202e-02     -2.657 1.7364e-04 3.2332e+00   42.47285  -61.42978    34.9357    34.9526     4.2410     4.2409    27.7094    27.7230     5.8585     5.8019          7 0.0000e+00
      34704   1445.952   1011.000     4.3208   3.323913     4.3206   3.325353      90.35 1.0180e-01     1.8688     1.9197     1.1484 5.9186e-02     -2.658 1.7895e-04 3.2342e+00   42.47284  -61.42978    34.9357    34.9527     4.2410     4.2408    27.7094    27.7230     5.8654     5.7993          7 0.0000e+00
